0 4649,5372,1222
1 4802,5982,2617
2 7041,5958,1482
3 3998,7066,1482
4 3429,3247,587
5 4106,6947,2793
6 5126,202,2271
7 8547,5809,7078
8 1512,1682,190
9 2159,1581,7022
10 5738,3479,4707
11 5219,8117,1583
12 7042,1738,7389
13 1935,6764,1360
14 5036,1776,8554
15 4006,6713,350
16 8506,3706,4225
17 5612,7011,6569
18 7892,5653,7731
19 3094,7340,1675
20 2469,8488,3094
21 2469,5244,3094
22 7551,4928,74
23 110,74,7141
24 386,3418,6066
25 590,3437,6066
26 7803,6538,7337
27 3033,7802,6681
28 2560,8039,6878
29 7089,5877,2970
30 7220,2970,3548
31 379,8552,3968
32 1729,7772,5286
33 5074,3332,6376
34 3451,4921,1131
35 612,1976,6329
36 3178,487,6249
37 5563,4629,6249
38 933,5038,3239
39 6192,5783,3239
40 2971,1774,3239
41 5612,927,3239
42 5738,2284,1213
43 704,3347,7453
44 536,5923,220
45 5143,4181,3328
46 1700,4504,8329
47 6221,7755,4519
48 787,1789,3412
49 8120,7314,8251
50 5738,2052,3508
51 5265,4667,7280
52 7747,3208,145
53 42,2061,6483
54 355,3737,4410
55 8586,4227,3373
56 3330,898,3373
57 8526,380,4493
58 4671,7206,4493
59 2222,3740,872
60 6446,3290,5524
61 747,1891,8100
62 1657,1892,5919
63 582,2855,3964
64 1430,3836,3964
65 5039,6305,7308
66 3265,4736,1188
67 2063,8551,3295
68 255,595,8566
69 8232,1778,5707
70 2567,2754,5211
71 7823,1224,2368
72 7043,2368,290
73 3297,2368,4923
74 8218,3477,2368
75 1035,4847,2368
76 5738,1346,2368
77 1824,7781,2694
78 2994,7368,1801
79 3608,7414,4309
80 8133,6363,2432
81 6872,7177,2427
82 5502,7765,6257
83 3467,3569,1803
84 6467,3047,7652
85 1170,7594,7237
86 3925,4826,5234
87 7338,3421,8376
88 4703,8376,4384
89 7666,2224,5622
90 4890,4134,5730
91 2042,6675,2732
92 3415,1916,6997
93 7217,766,8427
94 5561,3902,6115
95 5561,8323,6115
96 4553,304,4451
97 2144,3475,1835
98 5272,1497,3284
99 4909,1497,3284
100 7544,990,6727
101 477,5943,623
102 4776,1617,5943
103 1231,1984,5943
104 5325,1276,5943
105 4362,3247,222
106 4507,6394,222
107 6271,2965,8025
108 5967,1030,1480
109 2115,8555,50
110 4018,6114,8018
111 4165,3098,5132
112 7424,2031,6172
113 5948,6403,2195
114 83,831,4094
115 3854,6334,7091
116 2163,306,941
117 3875,5865,2719
118 1451,8332,580
119 4063,619,3711
120 4747,589,892
121 3376,6167,8005
122 4276,707,3614
123 1610,1102,5613
124 3808,2646,5613
125 1794,8047,7065
126 6524,7653,7874
127 405,3632,6461
128 3247,111,1186
129 3634,2209,5512
130 7941,6050,8070
131 7892,2856,3307
132 1180,6922,7204
133 3785,1848,5648
134 7343,3523,4083
135 1437,127,8557
136 1398,3538,8221
137 3913,2608,3657
138 2688,8497,5977
139 1276,3778,2634
140 4877,1944,3629
141 6206,2014,3511
142 3484,4272,5284
143 7485,3515,5284
144 4084,3786,4873
145 2902,6192,6089
146 2469,6089,2335
147 3851,8263,6089
148 6686,6366,2985
149 5097,4897,4035
150 1327,4035,3395
151 5561,6638,428
152 1427,1696,7115
153 4419,4750,6031
154 3874,6823,4175
155 5692,8157,708
156 4889,386,4128
157 6206,3580,5614
158 429,6716,7214
159 933,3262,4141
160 1320,6463,4141
161 4097,2496,4852
162 8146,4995,8300
163 6394,4824,4898
164 6394,4898,7370
165 423,8188,4894
166 8240,3123,1100
167 7945,1508,4269
168 5803,6614,1321
169 8374,7794,7019
170 546,4224,7019
171 3326,6823,1103
172 2446,6388,3682
173 5865,4544,1953
174 7335,1420,1953
175 1555,6411,8307
176 8054,8289,8307
177 808,8401,55
178 2109,7851,1863
179 6456,8127,1915
180 8330,3991,8014
181 5539,403,8099
182 4255,5560,2243
183 5301,2291,6755
184 6927,8241,3898
185 7750,5858,2270
186 8180,3413,7417
187 8180,3413,7417
188 6158,7296,453
189 1499,1617,2024
190 6032,2581,344
191 5275,2308,1754
192 6156,7222,1346
193 4888,5405,2890
194 511,7577,6252
195 6252,7128,1750
196 2435,6287,2687
197 6287,5797,4478
198 6307,5074,6287
199 782,7112,6838
200 5279,1721,782
201 5037,2304,8113
202 4494,1366,448
203 8292,6262,4359
204 998,1660,5495
205 1660,765,1081
206 1660,1504,7244
207 5074,1660,538
208 1430,1660,1358
209 1430,1660,5407
210 1660,7220,1427
211 1660,6394,6321
212 5279,1660,5290
213 700,1660,1639
214 7349,1731,5278
215 2003,7983,1240
216 7983,2549,4139
217 7790,8488,6200
218 5889,2697,515
219 5567,639,1929
220 7742,7220,5407
221 5310,1963,1498
222 5635,403,7021
223 5738,5635,5795
224 1373,5635,2197
225 1584,372,5635
226 8294,2308,7919
227 2971,1881,7484
228 8050,2971,209
229 2971,1434,7471
230 2971,1523,4087
231 2971,6394,169
232 2971,2925,2948
233 3890,5128,5407
234 3264,4553,620
235 3264,3461,6114
236 5738,3264,6504
237 3264,7355,375
238 3264,403,1780
239 1343,3264,5568
240 3264,4751,5799
241 3264,4553,375
242 3264,2104,620
243 4097,3264,304
244 5074,3264,1618
245 3264,7355,5447
246 8500,3264,6674
247 1300,5276,5960
248 356,8276,4395
249 4769,2497,6890
250 1810,6238,4406
251 8238,1810,4347
252 4829,4637,4417
253 132,4637,927
254 4637,3140,7554
255 2480,7844,1817
256 3986,5815,6417
257 4600,5815,321
258 5815,1092,3427
259 1206,936,6791
260 2728,6586,2021
261 1395,917,2071
262 2838,5505,4751
263 1466,5407,1848
264 5255,1963,7759
265 8185,3842,3766
266 4127,6311,2218
267 3372,8354,4794
268 7073,6324,6589
269 7523,6593,142
270 538,6714,6874
271 538,254,7961
272 538,7796,8431
273 538,4553,5752
274 2804,538,6823
275 7866,347,538
276 7113,538,3484
277 5,1143,5187
278 5471,3663,8169
279 4846,6657,1249
280 3770,4846,8121
281 2647,4846,7000
282 7671,984,2212
283 2259,4696,984
284 8123,977,6720
285 12,5985,5646
286 5700,7720,7516
287 5074,7151,3918
288 2628,3764,3469
289 7429,7677,3204
290 3992,802,912
291 8217,2849,8116
292 7938,3575,6241
293 4717,6229,8007
294 1187,3324,3085
295 8385,1284,5331
296 5074,8385,1082
297 819,8385,5568
298 1784,1923,1467
299 7353,7543,6585
300 7353,3814,2415
301 7353,6337,2608
302 7353,1057,28
303 7353,7541,3618
304 1704,7353,28
305 5204,7353,3802
306 2880,2388,6458
307 5065,2776,5011
308 7915,5065,4746
309 7467,3531,6411
310 13,1738,273
311 5015,3728,2742
312 5993,5015,51
313 4633,5677,3937
314 3331,5282,1927
315 1957,6379,6394
316 5179,2458,7367
317 8445,2499,6394
318 8445,5850,2465
319 5980,4030,6537
320 8061,4030,4576
321 5453,8106,3489
322 1005,3052,1734
323 3926,5066,2616
324 3066,1118,844
325 8473,4353,6705
326 4369,1949,4882
327 1076,8483,5551
328 6342,7544,7922
329 142,6125,1782
330 2544,142,8571
331 5196,5028,2075
332 5196,3843,5028
333 4710,4245,4262
334 7809,4233,6539
335 1428,3253,4865
336 1217,5160,1139
337 1394,8233,8279
338 6915,3947,5333
339 5225,3799,1451
340 4444,7911,5081
341 1405,4444,2311
342 5192,3916,1998
343 1442,8043,8029
344 3075,605,6425
345 4943,3075,8019
346 6109,958,5124
347 3063,2300,1648
348 6601,2300,1026
349 1078,2300,2889
350 5620,460,7165
351 6548,5504,5910
352 5738,5118,5006
353 1876,6884,6316
354 1607,667,2436
355 6053,2000,6983
356 819,6839,3902
357 6839,3902,6902
358 6059,3377,6305
359 7451,2513,6059
360 7146,7856,942
361 5107,6194,933
362 6773,6493,3562
363 2825,2000,6357
364 5411,8442,937
365 5921,5619,7120
366 910,621,1990
367 2407,3279,621
368 621,6411,5011
369 910,621,1882
370 621,6964,3469
371 621,7543,6235
372 621,7543,3764
373 5334,7172,6411
374 4636,5334,5865
375 334,1468,860
376 1336,692,4939
377 5618,5460,2303
378 479,2172,1951
379 4424,3961,479
380 8364,6613,3626
381 7392,6514,882
382 6067,1705,5285
383 3558,6067,437
384 759,4686,930
385 4044,2482,7887
386 4044,7576,7869
387 2900,1016,164
388 8549,175,944
389 583,8549,7773
390 8134,5074,2041
391 5358,403,2211
392 5045,5358,2010
393 476,1133,5358
394 371,1104,4253
395 417,4505,4334
396 7105,321,5344
397 644,6633,4273
398 556,6015,2658
399 385,1203,5879
400 6266,7008,2684
401 6498,1753,4830
402 4696,8403,6033
403 4696,8403,349
404 2469,4696,933
405 3779,4018,3877
406 5738,3779,6800
407 6290,4585,6452
408 3523,4585,2866
409 4585,4675,2519
410 4585,6238,497
411 4585,1057,2910
412 5497,4585,1057
413 648,4690,2770
414 7903,7220,8037
415 7903,6157,3086
416 7079,3562,8068
417 5518,998,3744
418 156,2864,655
419 1866,2469,8205
420 5189,7630,972
421 1153,271,4252
422 403,1427,1696
423 403,1054,2766
424 403,5545,5488
425 4994,403,8558
426 403,6284,4111
427 403,3800,4101
428 7900,1336,403
429 3353,403,7380
430 403,4197,6191
431 1336,5325,403
432 403,1696,4510
433 6035,1069,7683
434 6035,7683,2569
435 1610,6035,6871
436 6035,4377,3438
437 2397,6035,5941
438 6035,6394,336
439 6035,2852,148
440 6035,5669,6394
441 6035,8079,1069
442 3876,7017,2114
443 1086,5221,8286
444 1665,8355,2570
445 1174,7727,250
446 5314,273,3321
447 5883,8184,2417
448 773,6546,5662
449 3750,6804,4446
450 6601,373,4753
451 7226,8431,2528
452 6394,1976,8155
453 1959,5667,3525
454 7399,313,8453
455 8415,6222,1829
456 2273,6394,6686
457 2273,3191,6114
458 3926,2702,6163
459 2702,63,6164
460 1442,6205,2702
461 5298,2702,4295
462 4485,2702,3861
463 2702,7714,6212
464 2419,7158,827
465 7104,5827,2406
466 3265,5827,2608
467 5827,6677,3586
468 7139,4790,1265
469 5060,1057,5219
470 2332,7002,237
471 2332,5295,8170
472 4765,5033,8576
473 7582,1764,4765
474 6396,1582,5591
475 2417,2344,2331
476 2715,685,8536
477 8368,1199,1223
478 5452,2888,5822
479 5452,4553,6556
480 5726,1634,6192
481 5726,5778,5082
482 6760,5669,7470
483 4769,5669,7470
484 4769,5669,7470
485 2397,4769,5669
486 5695,6350,8576
487 7562,5695,8576
488 2982,5297,5790
489 4970,2982,375
490 6931,7408,592
491 2461,3024,3678
492 3265,487,4346
493 4211,487,311
494 2246,5859,4761
495 7486,4342,4611
496 8325,444,7026
497 253,8054,1883
498 6238,2329,7595
499 6238,6350,7976
500 3643,6238,7619
501 3643,1943,6238
502 6238,591,2329
503 819,7614,368
504 7693,7989,375
505 4425,5407,2741
506 2700,1548,6187
507 819,7614,933
508 6194,7989,130
509 8187,2527,1566
510 7717,3814,1919
511 5054,6562,8581
512 6142,7657,7480
513 4507,6142,6394
514 5229,5725,6142
515 5725,6601,6142
516 4154,7720,3363
517 5119,5075,8117
518 2469,636,3540
519 5152,3914,375
520 3035,6808,4807
521 2763,5410,339
522 3342,6458,26
523 5121,3154,1314
524 5121,3154,1314
525 7879,6656,94
526 4180,4863,4853
527 544,6617,1083
528 657,5510,5823
529 4118,657,7254
530 1704,3835,2410
531 1413,7342,901
532 2833,2910,8058
533 1198,2987,7688
534 710,1198,2987
535 2674,4609,5721
536 5738,3969,6457
537 3154,5729,2929
538 1766,399,7920
539 8096,7681,2557
540 5721,6536,1252
541 7342,7937,6978
542 5533,7342,8360
543 7342,2791,4610
544 2779,2173,7589
545 4563,7589,1927
546 1314,5407,6230
547 925,1314,1917
548 2036,6734,3900
549 2892,7517,2036
550 4769,5302,5445
551 4201,1546,5485
552 5959,4201,2284
553 6410,4793,2966
554 5511,1162,6281
555 5392,29,7393
556 29,6355,1595
557 2264,5347,2314
558 3827,214,4616
559 7836,214,3453
560 6982,3453,2573
561 7886,1119,8393
562 4617,4254,27
563 2475,5515,1837
564 5738,8301,4553
565 2062,5355,3590
566 43,6751,4045
567 6751,2550,5590
568 6751,4426,1346
569 1808,7821,924
570 3090,6301,1134
571 5064,1246,733
572 3426,818,2718
573 3426,818,1655
574 2815,3426,7025
575 3402,3426,4067
576 1276,1972,853
577 7563,4366,2149
578 3761,4642,2249
579 3761,8485,850
580 7217,2156,3340
581 6572,2156,5577
582 4186,1662,6731
583 7700,425,4902
584 5169,8175,7600
585 1667,5236,5728
586 5194,6882,5435
587 5616,2081,7324
588 6623,5174,7351
589 3917,321,4542
590 8235,3487,7304
591 5561,2104,3013
592 5074,2104,6373
593 6047,2104,6823
594 2397,5619,3887
595 8459,5219,5340
596 5219,1797,1868
597 1057,3193,249
598 3523,1057,952
599 1057,2910,5172
600 1430,1057,1976
601 3523,1057,3304
602 1057,2910,1114
603 2880,1057,2310
604 1057,2910,1539
605 1930,6394,1134
606 2674,1930,7991
607 57,3732,3065
608 1037,3102,7556
609 5138,4683,5487
610 4683,6174,634
611 2350,298,4159
612 1442,1721,298
613 3494,689,5176
614 6453,1807,540
615 511,6453,7574
616 2257,8029,1514
617 8029,5630,4519
618 7493,5522,5171
619 3033,2910,4553
620 2910,6656,2312
621 2910,1095,224
622 5497,2910,4629
623 7343,2910,4089
624 2397,2910,2060
625 2910,5172,463
626 2910,5407,390
627 2910,7178,2651
628 5267,7422,7593
629 4753,8548,1765
630 4753,2940,1488
631 4507,7577,4753
632 7703,760,7282
633 4348,5735,7697
634 2887,8110,260
635 2880,2887,3376
636 7520,7062,3151
637 3151,10,1205
638 511,3700,6075
639 8126,4580,3792
640 5229,2747,8126
641 8126,4775,3419
642 7365,8126,1640
643 8126,8548,8001
644 8126,2962,5723
645 7338,8560,8126
646 7604,8126,7993
647 2747,8126,2315
648 8126,8177,5766
649 3653,8126,15
650 1193,3844,8126
651 8126,1976,604
652 7881,8126,7209
653 8500,3776,3193
654 7881,5761,7180
655 2257,484,7305
656 511,1721,484
657 6484,1493,3547
658 7694,5826,6405
659 2879,1228,8164
660 400,2662,1340
661 3565,3410,5271
662 4496,6394,1796
663 2643,4089,1438
664 3998,2643,1208
665 2643,4526,7584
666 1154,2665,1165
667 4340,6336,1458
668 2216,1872,7541
669 2020,6394,3175
670 4769,3960,3376
671 3111,7963,6722
672 4121,4965,2568
673 7614,493,1159
674 7614,3376,7470
675 819,7614,5579
676 4895,7614,7470
677 4769,819,7614
678 2434,2340,6946
679 5658,7853,8546
680 2248,1678,3216
681 5457,2248,3795
682 2248,7508,1750
683 5074,4547,3271
684 4547,4712,1926
685 3551,4547,274
686 955,4547,488
687 4547,2776,3501
688 4764,4547,266
689 7113,4547,3893
690 2822,678,6482
691 4470,8330,7411
692 4024,4470,7929
693 4423,3106,5067
694 4769,8010,4252
695 983,5109,1602
696 1925,1568,5975
697 7228,5954,6422
698 4327,6896,7605
699 6896,2447,753
700 4291,7787,2882
701 6495,6272,8079
702 8539,135,2083
703 5365,6570,4870
704 2225,7441,1183
705 4239,2517,1838
706 3117,480,3953
707 4635,1417,5745
708 8482,1500,2213
709 5110,5986,5247
710 5992,8530,1476
711 5992,3571,1945
712 3288,8086,6085
713 7181,7063,6406
714 5609,4789,7121
715 1843,6441,2607
716 7220,5961,1967
717 5961,3713,796
718 359,2075,8332
719 2687,2529,8350
720 3326,1230,3884
721 5842,7220,613
722 7220,6397,6998
723 516,7220,6397
724 8208,4575,4195
725 8208,6989,2113
726 4635,6479,5311
727 378,6980,6519
728 6475,4198,4063
729 7167,3247,7362
730 5634,511,7167
731 6084,7167,6328
732 4661,5074,7167
733 6070,7907,7374
734 6070,3227,4183
735 1908,2424,362
736 6667,7713,4360
737 2975,6667,8116
738 6665,8330,1500
739 2013,3247,2969
740 4676,2013,6198
741 8500,5905,1936
742 6424,581,1865
743 581,1865,3067
744 2288,5222,4675
745 2880,5222,5610
746 5222,2382,719
747 4507,5222,6394
748 4118,2764,7993
749 4235,6394,4315
750 7236,4222,5742
751 957,4222,6672
752 4453,6527,6766
753 980,792,1125
754 840,6338,5369
755 4343,1375,2382
756 1375,8352,4577
757 167,2505,4869
758 8500,7220,3654
759 1601,7220,1472
760 5561,7220,389
761 5074,7220,7806
762 7843,7220,6444
763 7220,6597,5223
764 7604,7220,2217
765 7220,2418,6087
766 7220,1632,772
767 7220,1532,2272
768 7220,2771,5444
769 8061,7258,7220
770 7220,1467,2868
771 7220,7006,8565
772 7220,3457,124
773 7220,3875,6677
774 1721,7220,3755
775 210,3358,7220
776 7220,299,8246
777 7220,4718,2282
778 2006,7220,6675
779 5738,7220,1868
780 7220,4042,5692
781 2397,4769,7220
782 5074,3911,1572
783 739,3911,2453
784 259,1013,7808
785 3352,2545,2635
786 8434,6198,6702
787 4600,8434,6198
788 8434,3048,566
789 3766,386,2423
790 1879,3815,1463
791 6603,1709,7765
792 2327,4418,3003
793 2164,651,5862
794 1276,651,8244
795 3875,6114,4844
796 3523,3875,116
797 3875,6394,4677
798 1442,2268,3875
799 3875,6660,7122
800 8500,3875,4675
801 5617,3875,5940
802 6590,3875,4145
803 5738,3875,7561
804 3875,6140,8168
805 5346,5488,1432
806 5074,2405,1175
807 5738,5074,5079
808 4135,573,3519
809 2309,6857,7838
810 6857,4656,3698
811 4661,5163,2818
812 3159,1578,5904
813 4471,4399,2985
814 5325,1276,5080
815 5080,7569,701
816 6130,5486,6782
817 5738,2482,6394
818 3147,8459,2482
819 7369,8008,3098
820 7550,2469,7369
821 3227,6394,2133
822 2590,3227,2586
823 3227,3370,769
824 5325,152,2471
825 7646,3684,517
826 6194,4232,310
827 759,3531,840
828 3531,5941,4267
829 8146,7594,3155
830 8146,5904,4197
831 2901,7612,406
832 3110,7676,4523
833 3302,5096,5514
834 3354,7531,6714
835 5074,7530,1634
836 4185,7891,6607
837 749,2071,8020
838 1534,4042,6114
839 2602,3247,5243
840 5703,7036,5754
841 3333,4344,7647
842 3336,5158,2706
843 244,4177,4332
844 6891,8441,1108
845 3396,6891,4441
846 7881,3362,8253
847 1895,7716,4751
848 1112,814,5407
849 1112,7817,5407
850 2333,4427,6224
851 7873,7131,6451
852 955,1543,2265
853 2653,6428,7152
854 4747,6428,5407
855 557,2032,7516
856 1335,6049,2472
857 6360,7723,4103
858 6062,1233,8244
859 1276,8244,3104
860 7339,8244,305
861 8244,5727,6707
862 5074,8244,7796
863 5955,2474,530
864 8335,7777,6399
865 6049,4878,4945
866 5939,5504,6299
867 4490,5760,1779
868 8280,1604,4248
869 1604,3620,2692
870 8500,695,472
871 574,4812,7679
872 5884,1164,1675
873 5884,1109,308
874 856,7783,7164
875 1818,5762,7219
876 6346,1325,3438
877 8446,1492,4723
878 8528,2570,6810
879 8006,8528,3775
880 2795,436,7350
881 7035,7613,6836
882 4042,8262,8085
883 8122,1748,3638
884 1748,364,836
885 1748,1719,3404
886 2721,6402,1748
887 7223,1748,4743
888 2581,2853,5630
889 2978,2581,6777
890 2581,233,5443
891 552,2581,4751
892 4095,6675,7010
893 5434,1814,8310
894 6750,6194,3824
895 8471,47,5559
896 5197,7928,138
897 4530,6892,7359
898 4530,7076,5966
899 1212,6128,4734
900 6062,6128,4145
901 5691,4859,8548
902 4851,4104,8470
903 3879,2854,932
904 1942,8525,2699
905 4635,8525,2699
906 19,5969,5908
907 5269,5492,1772
908 3672,3190,8561
909 3672,562,4810
910 5492,4503,2134
911 1137,3061,65
912 5367,4635,3280
913 5527,5861,7465
914 2962,6394,5537
915 8476,2962,833
916 8500,2962,433
917 7772,2962,3648
918 2962,7011,4675
919 5552,137,1617
920 6057,4170,2421
921 4507,3723,6394
922 7383,2991,3144
923 1430,7343,7215
924 6418,4462,4643
925 4014,3594,2608
926 7381,5170,6679
927 7381,974,5968
928 724,2163,662
929 6330,2666,6967
930 5664,4779,927
931 7819,5077,215
932 4461,2744,5972
933 4854,3025,7593
934 5736,3837,1503
935 1597,804,5966
936 1597,1857,8212
937 360,7135,4032
938 2815,34,7025
939 694,1198,6958
940 2665,2208,4028
941 4532,1855,7316
942 8406,3653,5783
943 6304,6916,5178
944 6492,1958,6137
945 409,1286,886
946 1499,4160,5872
947 3314,2865,3850
948 6205,7977,1059
949 6205,2723,2743
950 6205,2856,5488
951 8339,5484,3322
952 4321,2864,199
953 7826,7433,5645
954 817,3863,461
955 5199,817,3984
956 7621,5756,7691
957 1888,2349,1524
958 4617,2349,4268
959 2349,8513,1455
960 4769,5166,5074
961 3993,166,7049
962 1116,553,2486
963 4000,5568,4619
964 4000,3909,3376
965 5325,978,6638
966 686,3358,3491
967 5633,8338,5568
968 5659,3843,7605
969 645,2073,7735
970 1429,8538,2868
971 1846,5255,3327
972 4298,4066,2582
973 8138,918,2392
974 1444,7224,622
975 7224,8312,3501
976 4129,1719,5019
977 2400,3715,5863
978 172,8436,7564
979 1866,8500,4671
980 5085,4826,4409
981 5208,1668,383
982 96,3651,2968
983 2119,742,6455
984 5526,3843,234
985 7707,8500,5429
986 5012,8500,4047
987 8500,5429,3424
988 6787,8500,3653
989 5738,8500,7593
990 8500,2251,2075
991 2007,8500,1451
992 8500,4784,1255
993 1721,8500,1354
994 5561,8500,7210
995 8500,933,3802
996 5738,8500,5478
997 4769,7265,8500
998 6084,3033,8500
999 5304,8500,8258
1000 5738,5325,8500
1001 5325,5612,4594
1002 6251,4903,6752
1003 6251,4903,3790
1004 6251,4903,2562
1005 1681,5525,8346
1006 163,3795,6187
1007 163,6139,4784
1008 2371,5647,5679
1009 7772,5817,3547
1010 7772,6457,1312
1011 280,5010,6028
1012 6097,4023,1484
1013 5859,2418,4250
1014 5859,412,5853
1015 5859,193,3589
1016 5122,8090,109
1017 2880,5757,927
1018 2698,1276,1644
1019 7945,7743,125
1020 7945,3736,7149
1021 4425,5728,5210
1022 4425,6686,5728
1023 4425,2428,5026
1024 5569,6345,3029
1025 506,5739,5806
1026 7562,537,3408
1027 6601,2475,5328
1028 2358,1353,4323
1029 7228,7497,1868
1030 2397,7497,1315
1031 7228,5858,5671
1032 7228,8452,7076
1033 7228,8295,6871
1034 7228,1434,8156
1035 5453,7228,1398
1036 7228,691,7426
1037 2653,5114,8277
1038 3233,6413,3123
1039 3233,5922,6202
1040 7028,2984,5810
1041 5325,5534,3995
1042 945,8547,577
1043 8522,2117,3230
1044 5250,868,4290
1045 6112,1336,2600
1046 2351,1198,698
1047 544,1198,6085
1048 3801,1198,1301
1049 6668,1198,5500
1050 5150,1198,698
1051 5738,2397,1198
1052 2397,5325,1198
1053 1198,5106,698
1054 544,1198,818
1055 4289,2284,2997
1056 2533,4289,1363
1057 2433,494,3529
1058 1430,3358,933
1059 2713,3358,6670
1060 7146,3550,5783
1061 1377,4813,7116
1062 3910,1435,2043
1063 6665,7838,2229
1064 6665,1918,2619
1065 3653,2687,8262
1066 3653,4394,1911
1067 7469,3267,6336
1068 3841,5628,1875
1069 3841,8258,4125
1070 3841,4018,772
1071 1609,7114,7583
1072 1997,689,7259
1073 3926,8034,1997
1074 1997,5147,5971
1075 736,1997,2955
1076 439,1997,4013
1077 3178,1505,7571
1078 3178,3540,6723
1079 6146,1367,8479
1080 498,79,3277
1081 2352,6977,1424
1082 4422,1276,646
1083 8036,1276,4826
1084 2778,1276,6394
1085 1276,5074,5444
1086 4595,1276,3514
1087 2736,1276,5510
1088 1276,4397,523
1089 7847,1276,737
1090 4385,1229,7059
1091 4916,4150,2230
1092 8075,1554,4169
1093 283,7053,982
1094 283,824,7518
1095 6970,5848,2210
1096 1078,6565,2176
1097 7698,5431,8492
1098 2582,1031,8293
1099 2070,4324,6183
1100 511,6099,6760
1101 1138,7170,2774
1102 1192,107,1440
1103 3667,8313,4912
1104 1519,6913,5532
1105 1789,1270,4986
1106 2799,1049,4391
1107 8180,6506,8397
1108 8180,1220,7705
1109 8180,8160,3393
1110 5738,4684,8180
1111 3263,1451,4641
1112 1979,7424,2507
1113 3446,6186,5300
1114 3446,3411,6550
1115 6758,46,652
1116 2847,2308,1108
1117 2886,7554,7321
1118 2526,3500,6466
1119 7640,8501,8312
1120 953,5074,153
1121 8199,447,2461
1122 447,5692,4592
1123 2234,6573,6394
1124 2234,5404,1291
1125 1320,1426,285
1126 4236,2473,8104
1127 5523,1848,312
1128 7840,5655,7044
1129 4703,5533,4041
1130 963,2621,7959
1131 3242,6737,7412
1132 6062,848,3242
1133 3326,64,2489
1134 3297,5895,8270
1135 4769,5607,4512
1136 3265,5607,1875
1137 5013,1305,930
1138 3484,3933,2281
1139 6574,6179,631
1140 3326,6781,1849
1141 6560,477,5776
1142 8254,6743,4266
1143 6724,5944,740
1144 6724,3517,130
1145 8358,2750,2091
1146 152,1053,1690
1147 7062,6411,1868
1148 5062,7062,316
1149 7062,5152,5407
1150 2237,7062,3640
1151 7062,2848,7358
1152 7062,6830,8015
1153 7062,3374,881
1154 7062,8455,6056
1155 5141,7489,5270
1156 3374,1538,1805
1157 3374,629,3699
1158 4393,2066,2044
1159 1230,3884,2659
1160 1230,6183,5734
1161 980,3537,5231
1162 2851,3537,5801
1163 8488,517,6169
1164 5074,7162,6337
1165 4390,7864,3808
1166 2434,5477,8447
1167 5074,2639,5998
1168 4056,5142,7831
1169 2880,4056,2868
1170 4520,2469,5407
1171 2469,5865,6411
1172 6528,2469,7820
1173 2469,22,2858
1174 2469,948,4215
1175 2469,7415,8077
1176 8381,2469,4006
1177 4887,2469,8328
1178 8061,2469,3247
1179 2469,7618,3648
1180 2469,5252,5249
1181 8476,2469,1346
1182 5738,2469,4820
1183 2469,5711,3195
1184 6371,6171,4033
1185 1831,4435,2556
1186 2069,3857,1608
1187 7459,549,4805
1188 67,1080,225
1189 2106,8394,663
1190 3567,7298,8448
1191 4636,2299,824
1192 5769,4400,3142
1193 5769,3662,6119
1194 1985,5280,5985
1195 5280,233,5443
1196 5663,1558,5167
1197 1501,4626,7245
1198 7292,2934,1254
1199 7292,2670,8287
1200 358,5074,1473
1201 3336,5074,1778
1202 5074,185,7906
1203 5738,5074,5692
1204 2484,5074,2267
1205 3326,5074,1571
1206 5074,973,7083
1207 5074,47,6178
1208 6787,5074,4757
1209 5738,7338,5074
1210 1336,5074,3104
1211 5074,8285,5474
1212 5074,6726,8166
1213 5074,4891,3759
1214 7834,5074,198
1215 5074,890,1166
1216 5074,3843,3170
1217 5914,5074,7642
1218 5642,7900,5074
1219 5074,7250,2440
1220 4769,5074,7580
1221 5738,5074,3743
1222 4769,5074,3995
1223 5074,723,7531
1224 3130,5074,8243
1225 7544,5074,2788
1226 5738,1995,5074
1227 7265,1336,5074
1228 5074,6394,3068
1229 1078,5074,4799
1230 5074,1009,3013
1231 5074,313,4675
1232 5074,6145,8511
1233 5074,3931,1868
1234 4769,5074,2782
1235 5074,7050,3648
1236 5616,5074,328
1237 5738,5074,5692
1238 5074,2075,6114
1239 5738,5074,1346
1240 5074,6921,1242
1241 3137,5074,1907
1242 5074,4065,3304
1243 544,8189,5074
1244 1739,5074,1757
1245 7196,2029,105
1246 6610,6377,721
1247 7996,4397,4388
1248 3643,665,2329
1249 2836,3643,7164
1250 5938,6900,2154
1251 939,2091,8274
1252 2912,4996,5227
1253 2912,6505,324
1254 2912,3562,5718
1255 5738,2912,2687
1256 8192,6586,3244
1257 3221,2181,4341
1258 1444,3221,6068
1259 5149,5925,4592
1260 5725,4943,3861
1261 3560,2007,4943
1262 1308,5641,7085
1263 8002,6139,2085
1264 4769,6139,5152
1265 4769,6139,5152
1266 4769,6139,5152
1267 4769,6139,5152
1268 2163,4130,233
1269 2163,6664,5801
1270 2163,979,443
1271 194,1153,7197
1272 6642,1770,837
1273 6573,7555,1463
1274 377,6573,5502
1275 7386,1203,6114
1276 7892,4214,1862
1277 2840,2637,3450
1278 8095,3568,1309
1279 5738,7830,927
1280 5548,1398,1084
1281 834,5385,4901
1282 7146,1670,2466
1283 5453,1398,6283
1284 1512,1398,201
1285 5453,1398,4529
1286 5453,1398,4830
1287 1398,7629,3016
1288 4621,2161,7468
1289 1430,2466,1976
1290 1601,1432,3281
1291 1601,3243,3318
1292 4529,3081,5807
1293 6072,3049,5898
1294 5453,1879,6323
1295 1879,6323,8496
1296 3700,1879,6323
1297 3188,7603,8375
1298 7603,1585,2099
1299 954,3831,5774
1300 954,5448,247
1301 2647,4147,3803
1302 2647,3375,143
1303 6935,6559,1658
1304 5643,476,6312
1305 3844,933,2147
1306 4994,4024,7200
1307 60,1041,2864
1308 2864,5200,6669
1309 5194,1015,6771
1310 5194,1262,4818
1311 1342,3767,5475
1312 7336,4075,5048
1313 6985,317,6705
1314 6985,933,4409
1315 2289,6394,3506
1316 3316,4574,5417
1317 1356,4349,2097
1318 3958,4678,2532
1319 3958,666,4941
1320 5561,561,3596
1321 5304,561,1587
1322 6811,8487,5183
1323 2006,3909,6811
1324 5800,6811,8105
1325 3365,3145,7304
1326 1115,3365,3145
1327 4678,3310,5544
1328 7058,3904,5628
1329 3909,916,4311
1330 7314,3909,4032
1331 3597,5313,8158
1332 7618,2558,2180
1333 2399,1453,5156
1334 8250,5893,5737
1335 5893,5655,8140
1336 6197,5893,3341
1337 551,2989,1105
1338 2526,967,2989
1339 5738,4857,3210
1340 2679,1698,1876
1341 1784,8009,2687
1342 5775,4691,3050
1343 4520,5775,4691
1344 6689,6951,8067
1345 5775,6394,7515
1346 1922,7279,5654
1347 5674,7139,4475
1348 7139,2181,4341
1349 2076,410,7225
1350 3789,4789,2922
1351 5201,7976,7606
1352 412,5793,5853
1353 2609,6222,4469
1354 7250,3944,5162
1355 5178,5326,3703
1356 5178,7494,809
1357 173,3899,5410
1358 7663,5950,6583
1359 8367,1934,5672
1360 8367,4777,5135
1361 8384,5719,5207
1362 8458,1525,5693
1363 8061,7437,5153
1364 1888,2885,4970
1365 2269,4767,5029
1366 7041,4231,5498
1367 8041,7746,1897
1368 191,3490,3843
1369 3110,4949,1956
1370 6331,4111,2509
1371 1537,8323,8456
1372 5561,7551,8323
1373 8323,1998,389
1374 8034,8323,1177
1375 1903,8207,3504
1376 1742,2942,213
1377 6098,7352,3847
1378 7082,6582,7297
1379 3523,4735,4277
1380 5937,3523,8058
1381 3523,2530,3234
1382 3523,5371,7728
1383 3523,4308,5989
1384 3523,5369,6305
1385 75,3523,1927
1386 2397,4769,3523
1387 7145,5930,327
1388 2294,6947,6995
1389 4779,7971,4036
1390 2033,4779,7193
1391 6344,5148,2360
1392 1027,3562,841
1393 5291,989,1032
1394 2838,653,5459
1395 653,3310,6125
1396 1019,5980,2868
1397 5980,1877,6394
1398 5738,5980,7110
1399 641,723,4352
1400 3182,2462,6730
1401 2153,3752,6198
1402 7795,6736,8412
1403 5425,7148,7870
1404 206,5425,4272
1405 6685,594,2908
1406 5497,3796,2450
1407 4861,351,2025
1408 6210,8190,1021
1409 152,7343,1015
1410 593,6600,1533
1411 8046,4460,7988
1412 4684,4460,4990
1413 1877,822,5834
1414 4804,5717,3376
1415 3605,3389,7682
1416 7604,4748,7607
1417 544,4748,818
1418 7754,532,7260
1419 6005,4034,7333
1420 4927,3030,6051
1421 5279,736,2181
1422 1189,5226,6182
1423 8108,7031,525
1424 4735,5407,8044
1425 3384,6019,6501
1426 3384,2420,6501
1427 2257,3160,2059
1428 3198,8545,1893
1429 3198,979,443
1430 3954,1865,3648
1431 5770,1059,6202
1432 1111,1768,6473
1433 3167,6,1746
1434 6473,6394,8327
1435 7146,526,8340
1436 5738,3439,785
1437 4602,1546,2857
1438 259,927,2111
1439 259,1865,8049
1440 2429,7173,5105
1441 3630,8414,3032
1442 8261,6760,204
1443 6760,6394,3685
1444 7406,5838,6760
1445 6168,1141,5370
1446 5152,5486,3293
1447 5152,6194,128
1448 5152,149,3376
1449 5152,869,1056
1450 5152,6394,7470
1451 5152,799,2635
1452 2397,4769,5152
1453 6026,3139,3125
1454 4363,2040,8419
1455 1032,1455,3376
1456 1934,1052,2145
1457 1934,5407,2075
1458 2729,2898,5190
1459 961,2366,3485
1460 6332,5533,1545
1461 5533,2826,2296
1462 5533,5686,2814
1463 3385,5533,4590
1464 5533,4590,6374
1465 3496,8485,6182
1466 2878,2166,3823
1467 885,6686,5352
1468 2062,1795,8033
1469 6911,2126,4687
1470 6845,8213,7931
1471 2245,5816,7127
1472 2575,4796,346
1473 4688,4170,6561
1474 775,2281,672
1475 7557,4704,6288
1476 5771,499,2219
1477 8092,2431,2856
1478 1063,3181,7164
1479 1063,8264,999
1480 1979,2399,1099
1481 6072,1099,1715
1482 2340,2989,1079
1483 2989,2464,4792
1484 3066,2340,6245
1485 2340,42,1677
1486 643,2340,6394
1487 2340,5415,1022
1488 2464,3480,6943
1489 1411,1144,3350
1490 1764,5113,1683
1491 3480,1860,6803
1492 297,6291,6319
1493 6291,7593,1827
1494 1322,6389,4054
1495 5738,3181,6660
1496 6305,8344,5671
1497 6407,7478,2844
1498 7981,1303,7359
1499 7255,7565,3862
1500 7989,3247,3862
1501 7486,7305,3862
1502 3265,5830,4468
1503 2766,907,4257
1504 3007,3246,7664
1505 3119,1102,4046
1506 5931,1080,6309
1507 6122,7696,4720
1508 8213,5087,395
1509 7291,2661,5458
1510 4158,4987,1577
1511 7426,4314,8156
1512 4315,5949,7490
1513 7262,2830,6691
1514 3092,5469,8181
1515 1960,2281,302
1516 1721,3981,5605
1517 3647,5099,3818
1518 8250,1145,2367
1519 1145,2367,150
1520 4855,4759,5790
1521 2351,5557,2335
1522 8485,8058,3566
1523 5738,6898,8011
1524 6261,3274,1033
1525 4993,3995,6852
1526 2318,5935,1711
1527 4955,1141,2279
1528 8109,5008,2416
1529 7651,7641,6170
1530 7056,6085,7107
1531 4124,4059,3705
1532 5034,3711,6875
1533 2396,8431,2305
1534 6959,1485,2638
1535 7423,4738,7122
1536 2262,6783,7122
1537 6712,7447,2203
1538 6979,1688,3260
1539 5738,5315,1250
1540 5728,3442,8174
1541 6218,4374,176
1542 1632,751,6556
1543 7262,1783,751
1544 980,3570,1408
1545 1772,4187,2134
1546 8349,7818,4506
1547 7522,7794,876
1548 8135,5508,876
1549 1214,4110,876
1550 5476,3441,2485
1551 2926,353,4040
1552 6010,3526,4963
1553 6409,7007,5125
1554 82,6566,8174
1555 7007,8020,5387
1556 4742,6686,5387
1557 3236,2137,7734
1558 3326,4190,4923
1559 3658,3596,6968
1560 4821,2107,3541
1561 1176,2113,2450
1562 5750,2418,7388
1563 5418,4741,4850
1564 3434,2387,1042
1565 4420,3498,607
1566 7559,6154,3459
1567 5292,3514,5595
1568 3564,1927,4962
1569 3903,6656,3783
1570 2373,7586,7121
1571 2775,4048,1840
1572 3172,363,1107
1573 1128,6222,4469
1574 2766,2363,4762
1575 3413,6620,2585
1576 5324,6051,5332
1577 2193,59,491
1578 4159,2467,6280
1579 386,6467,7539
1580 2979,1894,229
1581 2765,1346,603
1582 8034,2068,6184
1583 8366,4985,8070
1584 2925,1355,5555
1585 643,2564,905
1586 2286,7443,6919
1587 4697,2893,6905
1588 5892,5000,6126
1589 1567,7729,2311
1590 1632,772,7370
1591 7351,772,7370
1592 7351,772,7370
1593 1632,772,7370
1594 1632,772,7370
1595 1632,772,7370
1596 5407,6890,1685
1597 6381,7941,5218
1598 6198,1945,21
1599 910,6458,5911
1600 1368,6686,2985
1601 2319,4831,7553
1602 5453,1625,7553
1603 3882,6620,830
1604 8038,3971,1689
1605 6354,3675,2050
1606 1075,5692,469
1607 296,2284,3196
1608 4062,6452,604
1609 5684,438,604
1610 3121,2654,3019
1611 5059,1040,3323
1612 4769,3127,3409
1613 4118,3113,4798
1614 2731,4954,1253
1615 1979,5890,5996
1616 1486,6823,5602
1617 6673,1121,102
1618 7532,7072,839
1619 6114,3896,6181
1620 3054,2316,732
1621 1439,2570,6810
1622 2285,70,2615
1623 3467,1522,2162
1624 3112,8380,2630
1625 3011,6688,6641
1626 5561,4659,2
1627 7355,3026,5924
1628 1684,5638,3936
1629 2635,5882,6932
1630 5248,6183,6932
1631 7385,7949,6932
1632 4553,1976,6932
1633 7780,294,6932
1634 5948,3532,483
1635 6545,5165,3431
1636 3020,3273,6188
1637 1632,772,8410
1638 7392,7859,7421
1639 3265,375,3845
1640 4299,3303,4404
1641 2731,3247,6300
1642 7181,4064,177
1643 8576,2064,3600
1644 7604,3852,2682
1645 3407,1346,2426
1646 6152,2579,189
1647 6041,6152,189
1648 3819,6677,8508
1649 4294,1999,3830
1650 7154,4326,5293
1651 1136,2422,2185
1652 7150,1594,6297
1653 5738,4814,73
1654 5561,2777,8438
1655 30,4534,529
1656 3171,8568,3174
1657 5382,2404,1097
1658 4562,7554,2792
1659 789,3011,7554
1660 4675,7378,5363
1661 1241,2330,7026
1662 4553,1881,6111
1663 6544,4473,1954
1664 93,2051,5753
1665 3096,671,3107
1666 4199,7633,7518
1667 3464,3484,3979
1668 6971,1950,8361
1669 8264,6100,6649
1670 1530,8267,1947
1671 3727,7329,3625
1672 7375,1184,8073
1673 4737,1257,1390
1674 413,6333,6007
1675 2394,7926,4443
1676 5447,4705,39
1677 1687,3666,1458
1678 1288,4073,4278
1679 5453,766,1288
1680 7402,3326,3070
1681 847,5865,3338
1682 3713,1263,7599
1683 511,7577,6497
1684 6394,7666,4830
1685 5561,1756,2803
1686 1289,4826,8035
1687 4163,4826,6004
1688 2397,5325,4826
1689 5421,7450,3447
1690 6865,5377,805
1691 5865,3015,8156
1692 1721,2075,8439
1693 2257,7362,1272
1694 7278,7037,7456
1695 3648,303,851
1696 1777,7373,6494
1697 6960,6494,5202
1698 7281,3683,7718
1699 961,4142,4885
1700 4994,1931,567
1701 8187,806,7341
1702 7284,4130,7341
1703 4769,4895,8432
1704 1847,5330,7552
1705 1787,3454,937
1706 593,8078,187
1707 2993,5212,783
1708 7355,5783,5744
1709 819,933,5744
1710 7999,351,4856
1711 5819,1521,2915
1712 6194,343,5420
1713 5424,2150,3780
1714 2397,4895,4705
1715 7281,1455,4582
1716 2147,3486,5021
1717 4619,4380,6308
1718 1721,4445,8137
1719 857,1237,8230
1720 4769,5935,1389
1721 4149,4274,4495
1722 5301,5855,3219
1723 8026,3807,3995
1724 4684,8026,779
1725 1343,6074,7261
1726 6645,5854,4487
1727 709,3179,7912
1728 5890,7133,3037
1729 3907,6186,6187
1730 8120,6394,6186
1731 5990,2071,5516
1732 6953,2232,4087
1733 1539,4388,8219
1734 933,1714,991
1735 8510,2065,6684
1736 3867,7304,6749
1737 153,3292,9
1738 1592,3848,8
1739 4251,4049,5414
1740 3326,386,3764
1741 4675,1532,4287
1742 4760,1102,3581
1743 3648,5848,4876
1744 2880,5407,4876
1745 4876,3383,5934
1746 2402,4876,6341
1747 6601,5773,667
1748 7328,1102,6624
1749 7939,3525,3592
1750 7722,136,6160
1751 3670,4072,3952
1752 6394,1666,1039
1753 6825,5069,5281
1754 2880,2387,1418
1755 1805,2756,8318
1756 1805,2671,4780
1757 5418,4823,6096
1758 4099,6636,4823
1759 6584,5496,4152
1760 2002,2625,3590
1761 2384,3391,7344
1762 7278,2324,4452
1763 2361,6082,3512
1764 6885,4138,4977
1765 5777,6692,6651
1766 7795,5777,8314
1767 4825,4731,7027
1768 735,1927,1152
1769 4123,3291,2478
1770 7696,3483,3636
1771 7445,8342,4263
1772 386,2786,3892
1773 7570,8170,6468
1774 887,6797,5741
1775 4556,5203,91
1776 6450,899,527
1777 2051,527,6437
1778 5747,8081,527
1779 5304,2215,527
1780 131,895,1920
1781 2147,2258,6944
1782 2477,2258,2839
1783 8240,6237,2258
1784 3385,8311,2756
1785 2299,3999,3126
1786 6121,2399,7195
1787 2974,1672,7068
1788 2821,6394,4565
1789 5914,8405,2105
1790 5914,8405,2105
1791 5914,8405,2105
1792 997,1426,6191
1793 6511,3456,5584
1794 6939,4508,7862
1795 76,1000,2093
1796 4657,153,1399
1797 1178,2347,5673
1798 7410,5801,58
1799 7488,6043,6900
1800 565,5354,3598
1801 565,5354,6044
1802 1240,565,3598
1803 565,5354,3598
1804 6833,3318,4459
1805 3243,3318,4459
1806 894,8120,3318
1807 3797,133,5881
1808 4822,133,6411
1809 8036,233,8433
1810 8583,5297,233
1811 1161,6949,233
1812 3007,6823,5758
1813 6823,5758,3315
1814 4675,5371,3438
1815 7533,5305,5381
1816 6841,4219,8433
1817 4590,3843,8433
1818 3472,8433,3194
1819 679,8036,8433
1820 7974,1822,6591
1821 1422,6695,4965
1822 4068,2117,7976
1823 1999,7157,7209
1824 8453,7952,2868
1825 5738,1546,601
1826 5738,5837,851
1827 6816,4675,851
1828 3905,52,6417
1829 5407,6680,3413
1830 6680,4415,3650
1831 4751,6114,2381
1832 4710,2491,6458
1833 3867,3349,3203
1834 7866,1842,4051
1835 679,1979,5017
1836 5407,650,211
1837 7817,4740,331
1838 1575,6549,7631
1839 8451,4238,7631
1840 3963,7631,2514
1841 7720,8058,1045
1842 902,1701,4607
1843 7086,3173,6827
1844 8255,6016,6001
1845 5656,4411,3046
1846 8466,2420,2924
1847 4374,468,6310
1848 1252,4374,468
1849 1073,4244,3673
1850 5376,3231,6635
1851 770,3413,4745
1852 720,8268,4455
1853 8296,3656,8268
1854 2397,6394,8268
1855 77,1302,8556
1856 2571,8039,4525
1857 2153,5407,3394
1858 8120,5369,668
1859 1888,7736,4143
1860 3994,1641,5822
1861 2491,541,3745
1862 3739,6351,5964
1863 1622,1020,6835
1864 3021,4177,3501
1865 5453,4553,6159
1866 2359,3495,3859
1867 642,3413,6567
1868 3413,4450,6620
1869 2130,2748,6928
1870 3343,4267,2641
1871 8345,8058,1799
1872 7604,774,7329
1873 961,1841,5963
1874 3809,5383,4382
1875 2520,8068,2494
1876 7873,6832,5580
1877 8120,1678,5151
1878 3798,6927,2829
1879 5356,4059,8001
1880 2780,3499,2870
1881 5896,1061,5755
1882 2964,4744,146
1883 5100,1950,238
1884 7146,1781,8423
1885 5407,6854,4497
1886 8420,4568,8094
1887 4407,1942,3495
1888 4675,7418,947
1889 5706,2858,7781
1890 6140,2206,5435
1891 8223,3397,6779
1892 3247,1451,3454
1893 2384,573,8527
1894 5025,8487,1291
1895 7300,5720,36
1896 1143,2039,1425
1897 60,3713,6416
1898 2736,8065,3713
1899 3713,958,4675
1900 6394,3713,6677
1901 2745,2483,1645
1902 7835,3319,7048
1903 3010,1645,7536
1904 8120,3245,1344
1905 6668,3820,7322
1906 7482,5008,139
1907 6618,7566,7277
1908 3031,933,2183
1909 8231,5594,6577
1910 86,7916,3671
1911 938,8054,7746
1912 3289,5802,7696
1913 4118,2959,8567
1914 7615,7011,1088
1915 4522,5088,4914
1916 4769,6394,6327
1917 6293,1427,1696
1918 45,1784,2547
1919 8418,4043,4421
1920 5453,6846,1216
1921 1706,277,7838
1922 1981,723,2995
1923 1455,8262,1194
1924 1448,293,497
1925 3603,216,7947
1926 3039,6815,1003
1927 4251,3251,7334
1928 7656,8532,6512
1929 575,6869,1868
1930 727,7740,1181
1931 1069,1773,5104
1932 4797,7257,6792
1933 8316,8019,797
1934 2849,8024,61
1935 6413,4771,5374
1936 6698,8365,2037
1937 2618,7989,130
1938 4597,319,2120
1939 5738,1436,8282
1940 1436,5783,6457
1941 5738,3476,1436
1942 2752,4271,2398
1943 8142,6011,6853
1944 544,3104,6678
1945 5191,1227,1868
1946 3882,1994,5728
1947 1723,341,7513
1948 341,5856,7244
1949 170,1451,5016
1950 7046,170,1128
1951 1751,666,3305
1952 7739,5022,743
1953 5953,6216,1182
1954 4983,1014,3919
1955 4983,6656,8545
1956 3843,7780,2696
1957 4760,7838,5686
1958 4760,1269,3335
1959 3114,4760,4979
1960 6803,1811,455
1961 5407,6230,6191
1962 6230,2057,3891
1963 2409,5974,5203
1964 5134,3240,8125
1965 6856,3213,6836
1966 7594,6374,8246
1967 4375,3077,6373
1968 6825,2169,1332
1969 5245,6423,1933
1970 6383,7740,7632
1971 661,2797,3081
1972 7188,1077,5575
1973 4874,6951,6686
1974 366,5005,3129
1975 3950,3437,8310
1976 3635,2546,5849
1977 8179,7056,6085
1978 2336,8179,5942
1979 2308,3680,3170
1980 3332,7141,1188
1981 4769,1336,3332
1982 5738,2397,3332
1983 3622,8514,3432
1984 2769,2913,7709
1985 3921,8290,1905
1986 5318,2595,2831
1987 1051,8072,5888
1988 4769,7576,7869
1989 961,149,3119
1990 8429,7330,3118
1991 1500,6951,1726
1992 4822,245,3458
1993 838,6904,4992
1994 4209,3519,4957
1995 1047,6061,2807
1996 5407,1323,3062
1997 1794,1430,6890
1998 4177,8437,1121
1999 5738,7164,6196
2000 3658,6394,7164
2001 1220,497,3247
2002 3461,1220,3058
2003 4763,6439,7997
2004 958,4139,1240
2005 7551,8472,4519
2006 2503,4096,5991
2007 7834,422,4142
2008 3690,6046,2808
2009 3593,6524,3889
2010 8552,7616,1102
2011 8552,1252,3696
2012 1005,6807,4991
2013 5047,7806,518
2014 7833,6518,62
2015 6027,4271,7735
2016 3622,1226,5168
2017 2239,6302,965
2018 4207,8388,4864
2019 8388,7726,5885
2020 5323,7987,7252
2021 3648,4751,5209
2022 4806,6517,7306
2023 6394,7605,8143
2024 7605,5484,88
2025 726,8042,3656
2026 5324,2723,1029
2027 3716,6656,8210
2028 6656,2773,164
2029 4849,4345,3283
2030 8542,2210,2284
2031 5049,1885,2642
2032 5796,423,4830
2033 1430,1469,3418
2034 8016,8302,6583
2035 552,2762,6620
2036 3343,5407,4188
2037 5164,5979,1714
2038 1901,6336,3894
2039 3165,3267,1141
2040 1971,1157,192
2041 3612,4038,2907
2042 6062,810,2235
2043 1330,319,5631
2044 5453,6269,1149
2045 2588,8570,2306
2046 7720,2588,4576
2047 7067,8256,3201
2048 7067,3364,994
2049 4085,2669,8144
2050 8148,2953,5504
2051 1979,5504,1889
2052 1232,3832,6073
2053 6711,6948,3216
2054 3595,5369,2656
2055 1879,1017,3595
2056 5956,3712,1671
2057 3712,7715,2946
2058 3440,6191,2611
2059 4996,1541,1868
2060 6802,2709,458
2061 1350,2895,3162
2062 8577,7320,4566
2063 7320,1102,159
2064 6394,8309,8453
2065 4769,8309,2194
2066 8309,4148,7100
2067 3135,6568,1114
2068 4297,3468,5308
2069 8213,6881,3571
2070 2348,8213,6513
2071 746,1862,5337
2072 6429,1028,935
2073 8028,7509,1269
2074 5407,6507,8170
2075 3951,2308,2202
2076 5042,7056,7509
2077 6061,1433,6392
2078 8242,7715,2946
2079 4507,6006,2874
2080 6194,8572,130
2081 2135,8421,6625
2082 7567,723,6871
2083 5835,4113,6190
2084 7438,7701,1532
2085 7451,5295,5894
2086 6072,1079,5409
2087 1627,8163,2903
2088 2903,66,7975
2089 2903,6183,3247
2090 3770,7763,1792
2091 6394,4968,1719
2092 3006,8133,4968
2093 436,375,5830
2094 5738,7915,436
2095 4590,6374,4956
2096 4390,6374,6419
2097 8585,1975,1299
2098 2787,8040,5348
2099 933,4333,7531
2100 4333,348,4695
2101 2153,2880,4148
2102 3033,4445,8260
2103 4710,4445,1474
2104 1647,1090,2740
2105 5112,2468,5755
2106 2873,6014,2550
2107 6859,3119,2662
2108 3276,46,6052
2109 4622,4918,8139
2110 6110,7191,8023
2111 3043,8310,3166
2112 1471,8454,345
2113 4768,5627,8222
2114 4600,4553,4867
2115 4594,438,6434
2116 3574,6690,6621
2117 2457,6929,1025
2118 5181,241,7644
2119 1289,7948,6710
2120 6394,7923,5068
2121 943,7791,4224
2122 3677,6177,2128
2123 1023,2943,4191
2124 3621,6055,6114
2125 8120,4664,4675
2126 3658,1031,5482
2127 1031,7285,8322
2128 665,2852,2569
2129 673,665,4841
2130 2384,1926,1421
2131 228,4645,4772
2132 3351,1769,5232
2133 3051,3545,1825
2134 5818,4961,7231
2135 4833,2992,752
2136 5916,6101,3261
2137 1402,861,5294
2138 2806,6041,2411
2139 8165,854,7756
2140 1520,3095,6759
2141 1520,3513,4514
2142 7265,1520,635
2143 7507,1794,5666
2144 2745,5325,623
2145 4123,2336,748
2146 3718,4400,4089
2147 1394,4284,8293
2148 2399,7776,4474
2149 1786,6394,982
2150 7520,3812,1976
2151 7071,4656,1635
2152 6271,1343,4959
2153 7332,3339,1949
2154 1062,6370,6136
2155 3225,3838,3642
2156 1442,2268,2147
2157 6601,6383,7182
2158 6072,7953,1587
2159 5735,2414,1248
2160 1111,1430,343
2161 4407,1887,2328
2162 5838,1927,5852
2163 1078,5838,1571
2164 5838,2933,7382
2165 8336,7564,4176
2166 3661,3433,5127
2167 7268,7287,3059
2168 1202,6307,5946
2169 7307,1106,6307
2170 6307,6279,2012
2171 6941,1106,6307
2172 2463,5553,8429
2173 4887,2413,5157
2174 3701,848,6534
2175 511,6991,6353
2176 7255,3556,1179
2177 2648,8478,5995
2178 971,771,5867
2179 654,3414,3466
2180 586,4082,7884
2181 6662,4706,3708
2182 6662,6677,6551
2183 5057,2221,3816
2184 4348,6984,2034
2185 6121,5304,2857
2186 5032,5083,5173
2187 4605,1980,2832
2188 1870,6211,1409
2189 3978,3700,8034
2190 7403,20,2920
2191 7881,7626,7209
2192 7577,6227,7817
2193 1588,4100,4884
2194 5453,2778,365
2195 2778,3026,68
2196 2778,365,3026
2197 1721,6531,5951
2198 1721,2071,3995
2199 1721,801,2868
2200 1721,1622,1825
2201 2056,1721,5904
2202 2409,1721,6504
2203 5984,4958,256
2204 5561,4282,2930
2205 1869,3460,5699
2206 5307,5257,7964
2207 7325,5987,6243
2208 894,3462,2605
2209 263,2257,6937
2210 263,6353,4716
2211 1977,6477,3493
2212 2477,1576,1409
2213 2871,3140,6063
2214 2264,387,4378
2215 6072,7562,4024
2216 4800,7901,8424
2217 1555,60,611
2218 611,6194,7249
2219 8389,611,6198
2220 611,5765,8344
2221 1555,60,611
2222 2089,8209,2811
2223 2089,1628,4370
2224 446,5357,4656
2225 7077,3747,1970
2226 2125,5443,5675
2227 1070,3995,725
2228 2346,2668,7020
2229 7733,6797,8314
2230 1636,4025,6093
2231 3869,4212,2338
2232 7786,535,217
2233 2012,4184,1008
2234 7643,6117,5294
2235 4769,2027,5242
2236 2645,2548,7878
2237 507,1364,588
2238 6129,5579,375
2239 7842,7915,4553
2240 5770,182,8515
2241 474,5407,6992
2242 1371,5640,6008
2243 4698,7807,6743
2244 2407,2287,910
2245 2287,168,5185
2246 6013,2863,6364
2247 8120,4464,2514
2248 5456,1071,4842
2249 2325,1641,1632
2250 3313,791,5435
2251 4710,4042,7667
2252 4710,766,7084
2253 6277,3880,4992
2254 6194,6394,5369
2255 2397,6194,6394
2256 8120,6103,8332
2257 7834,7720,8435
2258 7834,164,2277
2259 3645,6395,1987
2260 2280,4138,5521
2261 8012,6417,6686
2262 1806,634,948
2263 7166,8220,7904
2264 7166,2124,7904
2265 2701,6192,5856
2266 6394,1301,392
2267 6194,1361,6620
2268 4058,2252,1415
2269 5800,3773,8442
2270 4163,1722,2053
2271 454,5407,4803
2272 454,7357,7309
2273 8120,454,2113
2274 3948,564,1658
2275 5890,3986,5543
2276 5890,4484,7757
2277 5325,6194,3763
2278 8129,5325,3033
2279 5325,8485,7355
2280 5738,2397,5325
2281 5325,2308,911
2282 6979,1745,2284
2283 6228,597,1868
2284 5053,6780,5458
2285 6889,3474,6535
2286 2704,7395,8293
2287 6753,275,223
2288 3387,3557,3616
2289 3387,3557,3616
2290 6173,3416,2051
2291 8499,1475,6270
2292 7745,6532,25
2293 7488,8249,3840
2294 910,1606,3382
2295 1086,6927,1095
2296 3368,7481,5811
2297 3368,1693,5811
2298 3368,1693,5811
2299 4092,3646,5558
2300 736,314,1848
2301 7690,7138,1514
2302 8172,4004,5687
2303 1385,3843,6686
2304 5012,7493,2336
2305 2336,3861,4871
2306 132,3320,81
2307 5094,8533,7593
2308 1536,6394,3461
2309 2215,2601,1495
2310 2215,4025,4557
2311 152,7343,2442
2312 4431,5073,2521
2313 8560,493,659
2314 8560,5840,6732
2315 5561,7604,2891
2316 7604,4928,6994
2317 7604,8270,4402
2318 5683,6844,3518
2319 2397,4769,5997
2320 5874,386,4978
2321 2686,5874,1591
2322 6831,3272,2139
2323 6831,803,7662
2324 4413,1523,3540
2325 5561,5927,5766
2326 7343,3259,3228
2327 3022,2068,4866
2328 7265,760,6023
2329 6770,5076,638
2330 7913,731,5470
2331 8459,1430,4560
2332 5279,1430,7753
2333 2880,1430,5521
2334 1430,5601,2457
2335 1430,2147,5187
2336 1430,6953,6063
2337 3760,8270,8318
2338 3172,4026,6445
2339 2409,7185,431
2340 2377,4462,5964
2341 4398,157,2835
2342 6973,6704,8162
2343 938,7234,3001
2344 7307,4134,8215
2345 7307,4134,8215
2346 3385,2076,1546
2347 3834,2479,6554
2348 7106,4618,1391
2349 4618,1836,6426
2350 2384,2604,8527
2351 2838,386,933
2352 7314,6653,3169
2353 8236,7314,3247
2354 2542,2308,8455
2355 2542,6823,4872
2356 3505,7264,1491
2357 1330,2950,1200
2358 2155,772,6908
2359 3676,2155,5233
2360 5738,2397,7915
2361 7915,1955,1346
2362 5738,6102,7915
2363 5738,7915,1346
2364 6102,4747,5000
2365 4747,2214,6628
2366 5738,5789,4699
2367 593,4730,1800
2368 8490,7108,2255
2369 3897,248,5380
2370 2917,7637,2741
2371 3385,3981,1950
2372 8052,2443,2151
2373 4635,627,4997
2374 4635,1461,579
2375 4635,627,4997
2376 6637,5704,3241
2377 4563,6858,5260
2378 2257,4829,7422
2379 2257,1514,8444
2380 2257,5630,4519
2381 4828,2257,8045
2382 2397,7944,2404
2383 434,3970,3497
2384 434,4359,3602
2385 434,7765,5155
2386 2896,5843,5520
2387 7900,3923,2627
2388 4539,3180,7871
2389 478,7391,496
2390 777,6566,8423
2391 7146,4098,6842
2392 4264,4018,2331
2393 1786,6194,1526
2394 1786,6194,6348
2395 7909,4400,4499
2396 2009,6700,1830
2397 6123,3299,6822
2398 4984,6615,5180
2399 4769,5263,8379
2400 3268,7965,3392
2401 6846,6348,6464
2402 5738,2397,2731
2403 8507,6368,4738
2404 7650,5316,3631
2405 5738,3553,7135
2406 3872,6114,5371
2407 2704,6873,7404
2408 3063,2046,4639
2409 1002,4744,1003
2410 2789,8485,7814
2411 2906,4722,7400
2412 3558,437,6485
2413 3379,2308,6701
2414 2115,2767,896
2415 4553,7531,6686
2416 2196,112,6244
2417 4421,3536,4089
2418 5634,4089,2958
2419 5494,4544,4144
2420 3224,7858,1726
2421 6161,984,1726
2422 6161,984,1726
2423 6592,536,5995
2424 7872,2075,5995
2425 1788,4524,6193
2426 894,8120,7267
2427 7888,4434,2826
2428 884,3074,6404
2429 7216,7496,3650
2430 3945,6696,6372
2431 5481,5461,701
2432 6660,4156,6191
2433 2858,3060,6191
2434 131,697,6191
2435 5875,1853,8407
2436 6763,4694,4659
2437 1078,4751,5391
2438 4312,8141,6162
2439 6797,8141,3241
2440 1358,5058,4396
2441 5819,536,5058
2442 2250,674,5988
2443 7205,6058,5003
2444 3817,534,6587
2445 519,4166,4203
2446 4783,8116,3589
2447 2834,7358,1868
2448 328,8475,1637
2449 7109,4743,2223
2450 5214,2223,4032
2451 42,2369,2061
2452 2092,5188,2061
2453 8308,4196,6283
2454 4520,3013,3004
2455 1102,1347,3745
2456 5453,2627,6861
2457 6613,906,8203
2458 3455,820,2592
2459 3492,807,2030
2460 3702,6692,7579
2461 3571,1945,8204
2462 3772,5398,419
2463 4479,6740,419
2464 4274,1401,6264
2465 2098,5246,5124
2466 3827,929,4893
2467 6037,6359,4893
2468 2179,2167,986
2469 2498,5598,4669
2470 7265,3371,1294
2471 5686,3502,5543
2472 1719,5829,7436
2473 3306,878,89
2474 7896,4982,1590
2475 6795,4730,7824
2476 6152,165,7276
2477 2591,835,855
2478 5738,8574,780
2479 2115,780,8304
2480 5738,2397,780
2481 4009,6090,1156
2482 7066,1122,7526
2483 2006,933,1122
2484 5092,1621,1122
2485 4146,1095,6733
2486 1502,7801,6850
2487 5008,3754,1909
2488 5852,4133,8378
2489 2226,4629,5836
2490 2188,2051,6437
2491 4357,6114,1381
2492 862,4465,988
2493 8480,3482,6134
2494 4164,1281,4607
2495 6041,7045,2194
2496 4265,1096,5351
2497 4109,3030,3828
2498 490,1307,221
2499 4077,7371,5253
2500 3924,7135,1065
2501 4061,4571,4614
2502 2231,687,1414
2503 7452,4999,852
2504 6338,592,7393
2505 1387,7990,134
2506 338,6647,4016
2507 2614,5965,1623
2508 2409,2095,6814
2509 5738,7992,3206
2510 2298,2103,11
2511 6974,4870,7474
2512 7390,3489,6769
2513 1630,5463,3920
2514 5112,3544,4454
2515 501,6817,1509
2516 4507,6394,6085
2517 7434,6085,3183
2518 3265,511,6085
2519 7752,1650,5093
2520 219,536,5093
2521 3572,7356,227
2522 5191,85,3885
2523 4769,5561,4032
2524 289,7765,8097
2525 2606,6114,5290
2526 8167,2963,1547
2527 2261,3881,6056
2528 7055,5728,3804
2529 1991,4365,1058
2530 1024,5052,2192
2531 5772,3860,3922
2532 7265,8234,2532
2533 4769,1998,6399
2534 7587,3938,7516
2535 5440,2378,831
2536 5440,6709,5313
2537 7596,4604,2999
2538 3031,2380,6010
2539 5864,2714,550
2540 5945,1036,8310
2541 1263,6677,2141
2542 268,1263,6823
2543 268,5279,1263
2544 4019,3686,4443
2545 4243,2846,1758
2546 3853,3129,5940
2547 4564,1306,3008
2548 5738,670,1346
2549 6018,6480,5006
2550 3299,202,8398
2551 5191,5865,3209
2552 3385,1950,7290
2553 3385,7238,1950
2554 4501,649,702
2555 912,7208,920
2556 7885,6819,1716
2557 7885,6081,1716
2558 3282,741,6131
2559 6849,1929,3103
2560 87,212,2170
2561 544,8116,6411
2562 429,2211,8212
2563 2394,8444,3092
2564 6537,2939,6779
2565 2939,4449,6091
2566 3796,1733,8020
2567 4938,6101,3199
2568 5115,6101,5824
2569 5738,2397,6101
2570 1322,3559,6417
2571 7573,3408,3833
2572 3515,2534,7931
2573 8198,3546,2054
2574 843,2583,3195
2575 2126,843,208
2576 195,5554,7848
2577 7241,1960,6765
2578 5583,6148,6435
2579 6148,2576,3315
2580 4280,6816,3906
2581 2812,3514,8486
2582 2883,2254,6912
2583 2891,8352,4986
2584 414,7895,3285
2585 5688,4358,3285
2586 1315,7946,272
2587 5766,747,8509
2588 5098,3148,3864
2589 1642,7364,7867
2590 927,3997,6644
2591 1038,3609,6325
2592 1753,2717,3664
2593 4435,693,984
2594 5738,7161,1918
2595 2880,6194,7355
2596 7355,3756,3777
2597 391,4572,7355
2598 7355,5913,3247
2599 4769,5486,7355
2600 6394,71,7355
2601 5147,7355,4329
2602 7845,5737,2519
2603 2620,4675,3146
2604 4675,5371,2868
2605 3557,4675,1451
2606 3593,6194,4675
2607 5561,4675,4513
2608 4553,4675,7762
2609 2880,5407,4675
2610 1896,1412,4675
2611 7719,2448,6972
2612 718,6232,4467
2613 4769,5588,320
2614 8465,1384,6326
2615 819,933,79
2616 5738,2576,3315
2617 4059,4202,3443
2618 4059,1304,8392
2619 1767,4483,4858
2620 7146,5453,5326
2621 6394,6506,7752
2622 1336,2973,7951
2623 1403,886,7680
2624 7798,7613,234
2625 2397,401,1346
2626 829,261,420
2627 5538,261,1331
2628 2247,5361,4620
2629 1203,1459,6114
2630 7617,1151,5371
2631 2601,3378,8228
2632 633,5008,1832
2633 7265,4317,8160
2634 7892,8250,1719
2635 3910,8186,1526
2636 1012,3220,4993
2637 7987,1663,4003
2638 7796,4918,7491
2639 8064,8440,2734
2640 5407,30,7159
2641 6161,984,4725
2642 6161,984,6936
2643 2189,984,456
2644 8150,7174,7877
2645 3012,3805,1074
2646 891,7168,2586
2647 2947,5316,5460
2648 6746,2945,4541
2649 7544,4599,4638
2650 5341,1336,6503
2651 6503,2075,6950
2652 6522,2795,4429
2653 1816,6989,4935
2654 1816,4277,5501
2655 8296,186,8576
2656 6966,1087,5856
2657 1456,4399,5867
2658 7567,5264,798
2659 5191,4421,5783
2660 703,7493,3296
2661 374,4074,1036
2662 3128,175,6088
2663 1277,5224,1528
2664 6092,7313,8332
2665 3385,4243,7883
2666 3385,1464,7883
2667 5449,8393,635
2668 599,6394,7593
2669 386,2048,6194
2670 2048,493,1886
2671 40,8468,4653
2672 5819,1567,927
2673 1523,4553,7531
2674 6198,4178,1945
2675 386,4751,6114
2676 386,8564,1546
2677 2880,386,1451
2678 386,4315,2606
2679 386,2532,2868
2680 4538,386,8453
2681 5738,386,357
2682 386,3294,2051
2683 6194,3398,7606
2684 6194,1949,1945
2685 1293,933,2805
2686 8105,2321,7686
2687 144,5453,8105
2688 7263,1447,6756
2689 5766,1124,5426
2690 2222,5766,4839
2691 4679,6938,7811
2692 4679,1851,7811
2693 7827,5906,4005
2694 5738,7958,1346
2695 3021,6072,1860
2696 4520,6520,3006
2697 2397,8079,6394
2698 8079,6394,825
2699 4422,435,6306
2700 3367,4055,2824
2701 501,4855,2967
2702 4553,4908,3
2703 4553,1578,3580
2704 5663,4553,933
2705 5886,8120,4553
2706 4553,5130,2867
2707 5738,4553,933
2708 4553,6394,279
2709 4553,3461,1451
2710 2006,3733,421
2711 2980,7172,7235
2712 8501,2374,3734
2713 933,2147,7319
2714 933,5038,2868
2715 933,2071,5038
2716 933,4501,1620
2717 933,3262,8344
2718 933,5948,1837
2719 933,7531,1812
2720 5012,5780,933
2721 933,1572,4751
2722 933,1124,5912
2723 6799,933,1868
2724 4520,933,7516
2725 7146,517,1542
2726 2495,4751,8111
2727 5468,8124,4886
2728 6655,164,2277
2729 4204,1462,4078
2730 2736,2308,2798
2731 2308,5129,235
2732 7326,2308,207
2733 2862,5184,2800
2734 6886,2356,4515
2735 7146,2918,528
2736 3582,5371,1478
2737 8271,6785,2113
2738 7218,2586,7203
2739 404,5261,2861
2740 6761,7549,8245
2741 6414,559,5030
2742 6414,3053,8130
2743 6627,845,3639
2744 300,4086,2849
2745 5747,4766,2403
2746 7725,2253,6632
2747 7562,7398,1451
2748 4555,754,5562
2749 4298,513,2805
2750 3503,1546,4807
2751 1410,6231,6351
2752 2132,6400,6263
2753 5486,5407,3376
2754 2397,4769,5486
2755 178,7051,4402
2756 8292,1784,2687
2757 4595,5710,7197
2758 4117,5214,5848
2759 8120,5214,2629
2760 5277,6894,6114
2761 6219,1750,5142
2762 4447,7531,1976
2763 49,3376,7702
2764 4981,6823,6813
2765 6027,4981,6038
2766 4661,5585,4394
2767 7562,2140,5407
2768 1856,4527,1126
2769 8131,5561,8450
2770 544,818,890
2771 656,2445,1924
2772 542,7430,116
2773 1203,4751,6114
2774 4507,1203,6394
2775 689,393,8324
2776 7629,7209,239
2777 8485,5783,2868
2778 1622,8538,7516
2779 3266,3406,524
2780 2856,6490,8538
2781 927,960,2830
2782 7551,511,927
2783 927,5319,1058
2784 927,6394,1475
2785 927,1451,2868
2786 927,3186,2868
2787 5738,3648,3176
2788 343,1976,964
2789 5886,2849,8020
2790 8054,600,61
2791 2095,3762,3886
2792 2397,6394,8265
2793 5407,832,7096
2794 2880,5407,8509
2795 5407,4018,1098
2796 5407,981,6620
2797 5407,6022,8062
2798 5407,6394,7187
2799 4192,1654,8089
2800 4162,1708,8463
2801 4769,34,3120
2802 5077,7531,1244
2803 7161,5077,8413
2804 5738,4769,5077
2805 5488,1135,6083
2806 8283,1658,4818
2807 3035,1001,2038
2808 4751,3659,179
2809 4751,7855,3540
2810 2565,4751,4782
2811 5453,6394,5974
2812 6394,7351,772
2813 544,6394,818
2814 7295,2345,6394
2815 961,6394,3376
2816 6394,7590,6411
2817 4507,6394,6531
2818 6394,7351,772
2819 4507,6394,7
2820 6394,4964,1129
2821 6394,6305,2868
2822 8120,6394,1125
2823 576,6394,2981
2824 2397,4769,6394
2825 6394,66,6620
2826 4507,6394,2423
2827 6394,1976,4160
2828 2397,6394,4160
2829 6394,7351,7516
2830 2397,6394,982
2831 3658,961,6394
2832 6394,7351,772
2833 6394,7351,772
2834 2880,3484,6956
2835 6660,2298,2103
2836 6660,6953,5692
2837 5044,7535,6660
2838 2452,8382,4491
2839 6668,544,5009
2840 5642,335,7253
2841 5146,7190,5779
2842 226,1921,2680
2843 5195,1982,5384
2844 6315,4007,1774
2845 2491,2810,4537
2846 5567,2491,7233
2847 6715,6448,5866
2848 1432,1745,5139
2849 5561,5095,7422
2850 3843,2075,7850
2851 7609,3843,2075
2852 3385,3843,2075
2853 1632,7351,772
2854 8452,6079,3791
2855 5974,7088,3360
2856 5974,5137,7088
2857 3456,7351,772
2858 3456,2310,1945
2859 1239,6706,3448
2860 4947,7274,8212
2861 2736,4673,3865
2862 313,8453,7581
2863 7446,8273,2622
2864 2397,1864,6033
2865 119,3346,5904
2866 846,7825,1452
2867 1966,7274,1989
2868 1966,3515,6356
2869 4042,8262,2788
2870 2541,1465,100
2871 7822,1481,6677
2872 1468,2113,5480
2873 5643,5891,5746
2874 544,818,3583
2875 8589,2931,5679
2876 1078,1907,8587
2877 6682,2365,2071
2878 5098,3148,2107
2879 4752,1451,3995
2880 4200,429,5783
2881 3011,5031,4830
2882 2397,4769,2402
2883 8187,6105,1976
2884 7144,7020,8565
2885 8120,7813,3832
2886 5393,4952,16
2887 1912,6401,1441
2888 3031,554,6646
2889 4476,4449,6411
2890 6962,416,200
2891 7102,624,7252
2892 7596,4604,4310
2893 1386,1054,8124
2894 511,2394,5258
2895 4769,5568,7470
2896 3429,985,2605
2897 3423,357,1451
2898 6072,2749,265
2899 6824,7562,2749
2900 4139,265,272
2901 2524,7265,522
2902 2880,1102,6673
2903 2456,2476,6077
2904 4709,5791,1247
2905 387,6267,4518
2906 8187,4899,1732
2907 5116,1451,4205
2908 1823,1755,4338
2909 6740,4631,4517
2910 1561,7018,3042
2911 3269,4102,6909
2912 367,4303,5792
2913 3748,8506,3706
2914 8120,7667,2080
2915 5738,7544,323
2916 6448,5510,5866
2917 7646,5561,2353
2918 7153,5430,8579
2919 6248,7560,3129
2920 6248,375,5830
2921 5453,5198,154
2922 829,4194,4394
2923 1054,2766,4729
2924 3265,1078,1054
2925 1054,2766,547
2926 6953,4517,7256
2927 5561,6152,2554
2928 5561,7146,7351
2929 3265,4449,7930
2930 5738,4449,3514
2931 4414,602,5435
2932 3560,2007,3419
2933 1962,2019,4936
2934 3306,6314,1080
2935 2397,3704,8200
2936 5078,2123,1081
2937 656,5321,4432
2938 656,4432,1129
2939 656,4432,4010
2940 5681,4093,831
2941 4902,1929,6972
2942 2586,5256,1210
2943 7638,2252,5040
2944 3376,7954,1328
2945 4440,5853,8216
2946 5692,4383,7865
2947 8396,1979,7271
2948 8426,1268,2284
2949 1979,3308,558
2950 6716,5371,8383
2951 7302,5957,2801
2952 7006,728,8565
2953 7598,7625,3425
2954 3514,6547,4933
2955 5738,2397,2798
2956 4769,2510,4848
2957 141,3694,6180
2958 6677,5371,1632
2959 5738,2397,6183
2960 4848,4884,6996
2961 728,4543,2784
2962 3172,7804,7125
2963 2397,4769,7470
2964 2397,4769,7470
2965 2397,819,368
2966 4788,7076,5362
2967 7560,1163,1515
2968 6062,8170,4277
2969 6294,5144,2809
2970 1927,2949,2326
2971 3265,1080,1346
2972 5738,6739,5133
2973 5446,2490,1867
2974 8036,5186,7416
2975 6386,4701,6933
2976 8584,129,7606
2977 2074,4015,7201
2978 5948,7985,8467
2979 5948,1284,772
2980 7551,8103,6380
2981 2295,4237,4119
2982 7989,130,3257
2983 3593,744,3502
2984 5453,1052,1911
2985 8422,4660,7119
2986 3449,3080,7665
2987 7409,1589,3277
2988 5561,7544,3710
2989 8543,1317,1694
2990 6452,7635,276
2991 3477,394,5716
2992 3477,394,5716
2993 5847,6062,5940
2994 3009,2341,8282
2995 7163,4037,755
2996 8332,6411,1868
2997 3336,7917,1615
2998 2896,5394,4039
2999 5738,827,1278
3000 4908,1264,8521
3001 4386,7351,772
3002 1048,7351,772
3003 1632,7351,772
3004 5738,7351,772
3005 6661,7351,772
3006 6350,6411,1549
3007 7476,6203,6848
3008 6823,6203,8502
3009 5163,4791,3436
3010 894,8120,6620
3011 4142,591,6620
3012 5866,871,931
3013 1121,181,5728
3014 6851,7962,3309
3015 5095,3129,4304
3016 952,6961,2537
3017 1612,8334,8491
3018 5918,2804,2920
3019 5738,4122,3217
3020 4988,2519,2737
3021 5561,5783,4659
3022 2397,4769,2633
3023 6313,375,78
3024 874,4722,609
3025 2238,6320,5774
3026 6823,3687,41
3027 475,1169,342
3028 8201,56,5313
3029 4194,4989,8152
3030 1619,7007,4922
3031 2072,6588,2536
3032 3247,6114,6232
3033 8404,1973,3223
3034 4595,8400,6788
3035 5738,4769,3995
3036 3048,7800,2569
3037 1559,6941,8022
3038 1060,6465,2827
3039 8120,1137,1858
3040 924,5379,3734
3041 7998,1763,4492
3042 959,3846,4886
3043 2397,4769,1050
3044 6613,5764,3932
3045 4407,6481,5983
3046 2880,1551,1945
3047 5561,7551,688
3048 5453,3385,6534
3049 8131,1190,5329
3050 1559,6941,5872
3051 2735,8036,5510
3052 5738,375,7774
3053 4769,4018,6114
3054 4520,4018,6114
3055 6432,200,924
3056 4531,8310,2868
3057 3931,8548,4682
3058 2761,1201,4988
3059 8065,3247,1868
3060 5561,1125,6373
3061 7636,2087,333
3062 8131,7338,4142
3063 2408,3164,4371
3064 1638,6176,8214
3065 5738,3536,5845
3066 5621,2346,418
3067 2632,480,1134
3068 615,5427,4682
3069 3009,82,6566
3070 5301,2100,4917
3071 3265,1973,6235
3072 5738,4730,5002
3073 7562,7100,5288
3074 6234,616,6444
3075 2244,1626,1686
3076 1819,1839,6612
3077 8484,7646,3722
3078 2983,3605,8386
3079 894,8120,1451
3080 894,8120,7367
3081 2108,3265,511
3082 6303,679,4656
3083 5634,1308,1868
3084 6034,7799,4725
3085 54,2395,3481
3086 2244,547,475
3087 3605,8237,2837
3088 5738,7265,6474
3089 5738,230,3322
3090 5738,2804,5901
3091 5738,6061,8505
3092 5738,6957,45
3093 5738,3770,2115
3094 377,6909,6135
3095 450,300,5235
3096 3985,4652,2292
3097 3265,7181,510
3098 3265,7517,8132
3099 1896,4192,6116
3100 4579,714,5279
3101 714,5847,2142
3102 7430,1043,1012
3103 2397,4769,819
3104 2397,4769,7668
3105 1846,7419,779
3106 1995,3385,5600
3107 5561,7551,544
3108 7764,3026,68
3109 7551,3913,511
3110 5177,7654,6022
3111 6525,3982,2425
3112 6362,6864,7969
3113 1659,2927,171
3114 1383,2632,864
3115 5621,2346,1168
3116 6786,7307,4134
3117 1784,4351,4151
3118 7366,8036,8562
3119 1336,1929,4069
3120 2552,883,2018
3121 3339,1929,3725
3122 8114,5740,397
3123 8114,5740,397
