116 580301 1
116 213611 1
183 666037 1
183 240275 1
183 603064 1
196 120709 1
196 450299 1
234 398342 1
257 398183 1
257 549862 1
257 212981 1
257 357963 1
257 578464 1
257 162612 1
257 584505 1
257 187123 1
257 522291 1
257 484751 1
257 153272 1
257 578577 1
257 639195 1
257 194772 1
257 243046 1
331 554695 1
331 90862 1
365 380063 1
374 539321 1
374 248444 1
374 285647 1
374 93845 1
374 323594 1
374 630567 1
374 243787 1
374 5966 1
374 554513 1
374 501440 1
374 206783 1
374 400465 1
374 694726 1
374 158653 1
374 677780 1
374 370359 1
374 28535 1
374 48393 1
374 407168 1
374 247444 1
374 335816 1
374 615191 1
374 229150 1
441 604364 1
454 663079 1
454 463229 1
454 356449 1
454 570737 1
454 110445 1
482 318782 1
498 333201 1
498 523903 1
498 617150 1
498 66735 1
498 327039 1
498 271378 1
498 502747 1
499 212981 1
499 522291 1
501 100704 1
501 327039 1
503 224222 1
634 138163 1
676 26926 1
677 12813 1
677 634125 1
697 571035 1
697 370068 1
720 193495 1
794 358885 1
794 147142 1
794 667248 1
794 98492 1
794 297455 1
794 78536 1
794 158363 1
794 79260 1
794 112511 1
794 287204 1
794 237883 1
794 618816 1
794 210548 1
794 685101 1
794 560311 1
794 675630 1
795 696492 1
795 239304 1
795 398342 1
795 491915 1
795 512951 1
804 239304 1
804 657648 1
804 60399 1
804 491915 1
828 309864 1
828 243313 1
859 671259 1
859 155077 1
859 211855 1
862 606766 1
862 596172 1
862 665768 1
862 630893 1
862 614348 1
862 79260 1
862 456899 1
862 686104 1
862 178382 1
862 618816 1
862 626016 1
862 218772 1
862 423143 1
862 344912 1
887 97846 1
887 604272 1
887 59389 1
887 463229 1
887 182899 1
916 594698 1
916 445774 1
990 266393 1
990 547020 1
990 222378 1
998 271051 1
998 266393 1
998 547020 1
998 594698 1
998 386878 1
998 222378 1
1009 423100 1
1009 675385 1
1009 203541 1
1009 688312 1
1009 187547 1
1009 388037 1
1009 348939 1
1009 193842 1
1009 594698 1
1009 114866 1
1009 243070 1
1009 162721 1
1009 164427 1
1009 36616 1
1009 218772 1
1009 166 1
1009 175845 1
1009 675630 1
1035 388483 1
1079 213611 1
1079 23989 1
1079 591266 1
1079 664860 1
1079 392052 1
1088 243927 1
1088 338544 1
1139 551527 1
1139 557362 1
1139 245061 1
1178 661926 1
1178 296359 1
1178 486053 1
1178 617841 1
1191 669178 1
1191 619382 1
1191 143925 1
1191 389585 1
1191 297800 1
1191 58392 1
1191 72182 1
1191 527820 1
1191 530946 1
1191 278805 1
1191 430497 1
1191 59110 1
1191 293813 1
1191 63076 1
1191 210792 1
1205 285700 1
1205 550408 1
1205 197322 1
1205 115737 1
1205 478392 1
1205 614112 1
1205 626016 1
1205 98699 1
1205 76889 1
1205 293241 1
1205 87155 1
1206 418422 1
1206 516766 1
1206 106616 1
1206 320146 1
1206 455481 1
1206 305911 1
1206 46186 1
1206 224593 1
1206 344912 1
1206 402131 1
1238 162721 1
1238 423143 1
1238 685101 1
1261 638157 1
1261 614947 1
1285 602158 1
1285 287194 1
1285 388483 1
1340 423100 1
1340 56599 1
1340 348969 1
1340 219450 1
1340 571643 1
1340 234359 1
1340 493264 1
1340 30597 1
1417 162910 1
1417 669139 1
1417 336069 1
1417 356727 1
1417 341963 1
1417 269086 1
1417 469764 1
1417 584826 1
1417 304241 1
1417 667200 1
1417 127373 1
1417 165856 1
1417 508440 1
1417 204716 1
1417 54856 1
1417 243046 1
1417 82546 1
1417 285647 1
1417 363552 1
1417 229257 1
1417 352951 1
1417 647637 1
1417 65355 1
1417 272521 1
1417 323594 1
1417 541741 1
1417 610954 1
1417 77849 1
1417 519760 1
1417 595836 1
1417 74332 1
1417 74886 1
1417 659172 1
1417 278037 1
1417 243070 1
1417 424562 1
1417 580301 1
1417 63156 1
1417 679673 1
1417 213611 1
1417 690101 1
1417 520820 1
1417 122707 1
1417 163504 1
1417 160938 1
1417 370068 1
1417 466417 1
1417 52048 1
1417 187547 1
1417 537636 1
1417 603064 1
1417 569720 1
1417 355334 1
1417 660594 1
1417 17495 1
1417 406173 1
1417 71228 1
1417 455132 1
1417 162721 1
1417 5248 1
1417 531663 1
1417 240275 1
1417 132773 1
1417 590905 1
1417 126940 1
1417 9679 1
1417 641721 1
1466 597452 1
1554 29486 1
1554 363552 1
1559 150836 1
1559 533816 1
1559 98561 1
1559 563900 1
1559 590019 1
1559 522291 1
1559 360493 1
1559 21119 1
1559 127373 1
1559 408508 1
1559 484751 1
1559 387758 1
1559 328097 1
1630 594698 1
1634 578577 1
1748 557598 1
1755 474111 1
1755 193842 1
1755 563182 1
1755 594698 1
1755 526075 1
1777 423100 1
1777 244533 1
1777 162910 1
1778 398342 1
1778 696492 1
1778 239304 1
1778 519760 1
1778 457189 1
1778 160938 1
1778 73007 1
1778 243070 1
1831 193842 1
1867 150836 1
1867 507742 1
1867 584505 1
1867 391646 1
1867 408508 1
1890 332074 1
1890 590545 1
1892 671888 1
1892 658978 1
1892 679024 1
1892 936 1
1892 520538 1
1892 408508 1
1892 301774 1
1892 391646 1
1892 462283 1
1892 140241 1
1892 231586 1
1944 671259 1
1957 114200 1
1988 653943 1
1988 341442 1
2001 63851 1
2001 238776 1
2001 110156 1
2001 310286 1
2001 71386 1
2067 276905 1
2072 630523 1
2072 300036 1
2121 522291 1
2126 200267 1
2126 210880 1
2126 544998 1
2126 585764 1
2126 456123 1
2126 128170 1
2126 243046 1
2126 234310 1
2126 478851 1
2126 296257 1
2126 187029 1
2126 161101 1
2126 210996 1
2126 63663 1
2126 190517 1
2126 482385 1
2126 594934 1
2126 466417 1
2126 209215 1
2126 149973 1
2126 84279 1
2126 95111 1
2126 117904 1
2126 617468 1
2148 470404 1
2148 188923 1
2195 612970 1
2195 174282 1
2195 584507 1
2195 148339 1
2195 494797 1
2195 543539 1
2195 559155 1
2195 22083 1
2195 682041 1
2195 12262 1
2195 362879 1
2195 674201 1
2195 547128 1
2195 279030 1
2195 114140 1
2195 300119 1
2195 204039 1
2195 500293 1
2195 617362 1
2195 236868 1
2195 157145 1
2195 519451 1
2195 439260 1
2195 116466 1
2195 364899 1
2195 535160 1
2195 39821 1
2195 162378 1
2195 18618 1
2300 423100 1
2300 229257 1
2300 669139 1
2300 12209 1
2300 629852 1
2300 162721 1
2300 321744 1
2300 264416 1
2300 394179 1
2300 243070 1
2309 344912 1
2357 495711 1
2357 548345 1
2357 202739 1
2432 512951 1
2432 445774 1
2434 348939 1
2434 503153 1
2434 651003 1
2490 136022 1
2562 176282 1
2562 519313 1
2570 53217 1
2614 510140 1
2614 151147 1
2614 549420 1
2702 213611 1
2702 292614 1
2702 534762 1
2702 220607 1
2702 187123 1
2702 127373 1
2702 391646 1
2702 484532 1
2715 544955 1
2715 687669 1
2715 175608 1
2715 457412 1
2746 203435 1
2746 533435 1
2770 688312 1
2770 606300 1
2770 459920 1
2770 218772 1
2803 205091 1
2803 525518 1
2803 301708 1
2803 673933 1
2803 113999 1
2813 514040 1
2874 340284 1
2874 347841 1
2895 26926 1
2895 634125 1
2932 361542 1
2932 301153 1
2932 48631 1
2932 320231 1
3055 223973 1
3066 185161 1
3066 85032 1
3066 502867 1
3066 320209 1
3066 115274 1
3121 475973 1
3121 936 1
