1 8073,2537
2 8073,2537
3 4835,855
4 6753,855
10 4327,4438
29 101,7557
30 1364,2636
32 6369,4222
37 1478,6067
40 1478,6067
48 2489,6087
49 2383,6087
55 4961,4220
62 1788,2314
69 1920,6326
80 290,3564
84 4056,4943
90 1207,526
104 5324,6190
119 2900,344
121 7706,6880
125 240,393
132 5857,5201
133 7554,5201
138 1875,7278
141 3034,556
143 1925,7736
155 1528,2881
168 3038,6742
169 4886,7237
176 7491,4904
184 6343,4093
189 6177,5797
199 6420,4307
202 5678,6119
211 3629,316
212 3629,316
213 6544,316
214 6544,316
215 6544,316
224 145,5024
226 8023,480
228 2874,4893
229 4743,7380
245 2907,4040
251 2861,5176
252 7405,5176
253 2340,5176
257 4734,1973
259 2191,2804
260 5346,2191
263 4219,4705
270 1748,1868
271 3348,7167
273 3945,4118
275 3945,1923
283 5757,7639
284 5757,4591
292 118,3274
300 118,7388
302 3894,118
303 118,1609
304 3057,5439
305 7055,7733
309 2194,2192
310 2907,2194
313 786,6309
317 4987,6124
318 1891,5520
320 3999,7951
321 1337,8086
331 2382,4538
333 2382,953
336 6947,7565
339 3747,6049
345 5212,7554
350 7412,500
353 1983,7800
362 3987,4832
364 8164,604
365 7549,5482
366 7549,7325
369 6385,4869
370 7951,247
371 3182,7951
372 7951,4918
373 4845,8082
374 4845,3389
384 7337,4231
388 7831,5872
389 4653,2156
390 4653,2263
391 4653,2156
393 2657,2557
395 2867,7883
396 2867,7883
397 3681,2052
400 3697,3221
405 1391,5895
408 297,7961
420 5824,7979
421 1244,790
422 1244,6684
423 4695,3646
427 1914,6547
429 3429,5228
432 6915,2564
433 1018,29
435 1718,7428
440 1818,4733
441 5199,2181
442 567,141
443 567,4444
444 567,4444
449 7861,5708
451 5767,8081
453 8081,107
454 8081,6771
455 8081,4873
456 990,8081
457 8081,84
458 261,4979
459 261,934
460 261,554
463 3245,7064
464 3245,1229
466 1663,7190
467 2907,7190
471 1092,4648
476 7936,2906
480 4491,7480
482 7913,5752
488 6223,6448
496 4403,3147
500 6076,3657
501 6076,4161
502 4971,5742
503 4971,2668
504 4971,1571
510 6871,6873
513 3592,2858
515 3592,7177
517 3592,4693
518 6288,4868
520 693,5960
521 693,5960
522 693,6922
523 6069,693
526 693,6922
537 5520,4925
538 4089,6027
539 4089,2167
543 7213,3942
544 2826,7213
545 1567,7213
547 7213,53
548 7213,2403
550 213,729
553 70,5723
557 7180,7008
558 7180,7325
562 4692,939
564 3253,3682
565 3253,2906
566 3253,7333
567 3253,6584
568 3253,7333
570 3253,7333
571 1574,1781
573 1574,2306
578 7392,5461
579 7392,941
580 7392,7463
586 4392,7534
587 3385,941
591 1878,186
592 2920,6762
593 8103,7990
595 8103,7990
596 2745,7990
597 7990,4061
599 1940,7990
600 8103,7990
601 7990,3067
602 7990,7302
603 1470,4597
608 3198,1518
609 2349,566
611 815,5986
612 1798,8064
617 7713,2540
620 1326,6439
622 777,3956
624 2182,5643
626 1430,1321
630 6385,2489
633 707,6280
634 707,299
635 707,6280
637 5367,7340
641 2907,7160
642 2907,7160
647 4890,2131
648 4890,5090
650 7095,3733
651 3733,5382
653 2907,6322
662 4637,4325
667 7563,7681
668 1142,233
669 233,6450
670 777,233
673 1142,233
678 1928,6992
685 1533,5714
696 4635,8108
705 397,7643
706 2173,739
707 1324,2306
708 70,2108
709 4190,2108
714 2871,7460
725 3925,7195
726 3925,4052
727 1265,7327
730 1680,1625
731 1680,1625
738 1680,4896
739 1680,7093
740 2900,1680
749 1567,6899
750 1493,3978
758 2285,736
764 3997,7734
765 7638,3997
767 3997,7734
768 5236,3997
773 1940,4217
780 4217,4992
787 4217,4057
788 4217,7093
791 6411,5996
796 6105,5206
797 6174,5206
798 5206,2706
800 2907,5206
802 686,5206
803 1395,5206
804 5206,6901
806 5206,4159
807 11,5206
808 1326,5206
811 446,5072
812 446,2568
813 446,262
818 1982,871
823 1567,6901
833 6901,4925
840 5600,3850
844 7989,6371
850 2221,5966
852 4806,7697
854 7763,1097
855 7809,5050
857 3752,1798
859 1394,6177
860 6177,1882
861 6177,1681
866 7425,4755
870 5611,466
871 2724,214
874 565,2549
875 3984,7338
880 3,2211
882 195,8060
883 7205,2450
889 1529,7533
891 6978,7041
900 2974,7474
904 3976,1290
910 4137,5671
916 4863,4838
923 7566,4985
926 5832,5218
930 3874,6198
932 1262,2913
933 1262,64
940 7879,228
941 6731,7507
961 5872,5104
979 2494,5872
981 5872,2090
987 2907,5872
992 2930,419
993 5094,1643
994 5094,934
995 5094,279
997 3795,5627
998 5346,3795
999 3795,2850
1000 4610,7720
1001 4610,901
1002 3446,3683
1003 2349,4623
1004 1331,2349
1007 3186,2349
1009 6069,2349
1014 2349,4489
1025 6537,2818
1026 2257,5090
1027 2257,7522
1028 2257,6494
1033 153,2456
1034 153,8024
1040 1493,1682
1041 3185,1072
1043 1072,3813
1044 1072,3804
1046 1072,6385
1047 6001,2299
1050 6001,1980
1051 6001,1913
1052 6001,941
1054 3469,7768
1061 3525,3946
1063 7024,4953
1067 222,6430
1068 3952,2393
1070 816,3907
1074 4679,4011
1083 4859,4686
1085 384,300
1091 2882,1947
1096 8059,6849
1097 3075,8059
1098 3049,8059
1099 7998,4579
1102 4495,2995
1103 158,5017
1105 2376,5593
1110 2907,1904
1112 5075,2419
1118 6438,1126
1122 7919,1695
1124 7869,5666
1128 3244,7554
1129 3319,536
1130 3319,2740
1132 3419,4387
1135 2808,4917
1141 1802,7108
1144 7526,5215
1145 6885,6183
1150 7083,2915
1158 635,310
1163 7638,5174
1167 5657,6579
1169 1704,6983
1170 2907,2208
1171 142,4448
1172 4448,7223
1182 7585,930
1187 7255,5145
1189 1665,6069
1190 1665,2484
1192 7995,4179
1193 4179,5689
1196 6517,1866
1198 1156,7223
1200 1156,3852
1201 1259,6008
1203 1319,5459
1205 4020,6995
1207 6940,3072
1210 7479,7895
1214 7692,340
1216 6158,6294
1218 2041,1571
1219 2041,771
1220 4815,5223
1224 7023,1290
1235 7098,7331
1236 6808,8024
1240 7536,7725
1242 7536,4701
1243 7536,4701
1245 7536,4701
1250 7581,3240
1251 4083,7635
1252 1783,4162
1263 6069,3140
1265 6069,2390
1266 6069,2465
1269 6069,5978
1273 7671,6069
1278 6600,954
1279 5011,296
1280 5011,4994
1287 2116,592
1288 8144,2116
1293 1395,7242
1294 660,1395
1295 1395,5342
1296 1395,4675
1297 1395,3890
1299 1395,6620
1300 2234,1395
1301 1395,7554
1304 7907,3743
1305 7117,2146
1306 2278,7318
1314 1235,3207
1315 2075,6628
1316 2075,4096
1317 5698,3199
1319 5698,2308
1320 5698,3199
1321 5698,7310
1323 5698,3199
1324 7647,1734
1325 1560,2755
1327 3648,7855
1331 2873,6651
1333 6776,6657
1344 1316,3150
1350 7086,2907
1351 1478,1586
1360 3772,7272
1365 6940,3921
1369 2494,2755
1370 2494,1945
1371 2494,2125
1372 2494,1945
1374 4819,1384
1376 5977,221
1380 5776,2340
1381 2340,286
1383 2340,3004
1385 2340,5266
1386 2340,2907
1387 2340,2090
1388 3934,2340
1389 4225,527
1393 7111,3851
1397 5016,2907
1400 7904,2838
1404 5346,4517
1412 2836,7388
1413 2836,6436
1417 4590,6014
1418 4590,2887
1419 4082,3693
1424 3909,3427
1425 3909,3427
1430 6745,2856
1442 5749,3485
1443 4405,1785
1444 3851,3406
1447 6774,847
1449 847,2740
1451 2945,5781
1457 1462,4289
1461 2591,4636
1467 1520,7917
1468 3616,5179
1469 3616,5179
1475 11,5090
1479 2975,11
1481 843,6431
1490 5938,3651
1491 3651,3004
1506 6508,70
1513 70,3096
1514 70,3819
1516 70,2908
1517 70,4979
1524 70,2609
1527 70,4339
1530 70,2609
1539 6231,1621
1540 6231,5618
1541 7550,6605
1543 525,2907
1544 2907,3756
1545 6511,2907
1546 6975,2907
1547 2907,1661
1548 3894,2907
1552 2907,6444
1555 2907,4958
1556 2907,5929
1561 3990,2907
1564 2907,6907
1565 2907,903
1566 2907,2046
1568 2907,6239
1569 2907,3943
1571 2907,4386
1573 2907,1585
1575 6511,2907
1577 3435,2907
1578 2907,3211
1580 6511,2907
1581 2907,5993
1584 2907,4620
1586 843,2907
1587 2907,1769
1588 2907,7102
1589 2907,930
1590 2907,7242
1591 2907,963
1593 2907,5140
1604 8103,3067
1610 5964,563
1611 952,381
1612 7291,381
1622 6065,2499
1626 3881,3331
1627 3881,3731
1628 3881,734
1630 3881,4313
1631 3881,7249
1632 3881,896
1633 3881,3731
1637 5275,3683
1639 5275,3683
1645 5969,699
1646 6268,7268
1647 6268,7268
1648 6268,7268
1649 6268,7268
1650 6268,7268
1651 7268,6570
1652 7268,2430
1653 7268,6099
1656 8131,4155
1662 2125,3510
1663 2125,1751
1669 1010,7531
1671 2616,1010
1678 3693,2437
1679 6388,2119
1682 319,3523
1683 3199,5871
1689 1566,7646
1705 6779,2139
1709 6471,7752
1710 7752,6289
1712 2609,6178
1715 3752,6779
1725 5710,5651
1733 4494,7667
1734 3934,5058
1735 3527,4804
1740 6174,1949
1743 6848,7206
1745 6848,3888
1746 5198,6848
1747 6848,5090
1751 2673,1962
1752 2673,1962
1754 4332,3610
1756 3968,6868
1761 7428,6794
1764 6290,1026
1765 4961,3819
1770 3312,1880
1772 7866,6154
1774 4722,4229
1775 954,7119
1787 3059,329
1788 3059,2378
1796 1925,2761
1801 145,2761
1805 1925,2761
1806 5861,1898
1807 6089,1980
1810 2900,4402
1812 6328,2900
1813 2931,2900
1819 1124,5147
1824 5093,4112
1826 660,7980
1827 7980,7157
1831 5092,2380
1832 5092,4849
1835 5092,4481
1839 1940,4942
1842 8070,1945
1845 2333,5072
1852 903,7242
1854 5356,4539
1855 4539,9
1856 1412,4059
1857 1412,5104
1858 8144,1844
1860 2810,7148
1865 4085,1668
1866 6456,2045
1867 6456,4780
1877 6345,5415
1878 6345,5415
1881 3664,2854
1882 892,1576
1886 7462,4487
1911 6946,7339
1914 3025,3542
1931 2688,368
1932 2688,2791
1934 2688,4363
1940 5528,5995
1948 4920,5045
1950 2467,3345
1952 3188,7511
1953 7511,165
1955 4502,3662
1957 6191,2727
1958 2727,2122
1960 7074,506
1965 1490,506
1971 7295,5784
1972 1216,2287
1973 3849,2748
1977 5820,2264
1978 815,4514
1980 161,1205
1982 1872,1597
1983 4124,2038
1993 7034,2323
1999 4582,5754
2000 2658,7506
2004 7914,5715
2012 7841,7495
2016 6362,8170
2017 4331,4175
2020 356,553
2023 1876,1786
2027 5284,6510
2030 2973,4747
2038 5260,2134
2042 410,2696
2047 419,5875
2051 994,1660
2055 5037,6342
2056 1931,7322
2065 926,4079
2067 1874,2782
2074 3405,3633
2075 4207,421
2076 5282,6565
2077 1233,6565
2078 5282,6565
2084 7894,2392
2098 4994,3641
2099 3169,2701
2103 5193,6378
2105 2271,5815
2109 7285,510
2113 3850,1997
2117 629,1255
2121 4375,1294
2122 5472,5869
2123 1346,54
2125 7242,1195
2126 5502,1195
2127 2580,6886
2128 4199,6435
2129 4199,6435
2133 5332,4496
2138 5029,2307
2142 3536,5941
2144 4670,5921
2148 5671,6346
2175 1097,672
2178 7317,1329
2181 5453,5719
2183 1756,1837
2184 3714,7896
2186 1318,212
2189 6492,7192
2190 6492,7192
2194 1444,1056
2198 7031,7516
2203 1853,1597
2207 4749,1597
2208 4375,1597
2210 7247,5480
2214 1344,2093
2216 7209,5187
2217 6236,3302
2220 6355,6168
2230 4377,3685
2239 2527,3499
2240 2871,7751
2243 843,7617
2244 6635,1644
2248 1842,4578
2249 2378,6718
2252 4728,3232
2262 404,8132
2277 2399,5823
2280 6182,6251
2287 7076,7928
2288 1465,7531
2289 1135,7579
2291 4198,1379
2296 4124,2279
2297 2763,4124
2298 2649,701
2299 4458,6704
2305 5798,2229
2312 7155,7797
2313 3708,3751
2317 5792,6686
2318 2151,2542
2323 2980,3683
2324 2210,1709
2327 2512,7507
2328 1925,2512
2329 1925,2512
2331 3310,3824
2336 3819,6897
2341 4730,4729
2362 355,2168
2363 7983,2154
2365 7210,7709
2366 4707,5150
2372 3438,6436
2373 1382,5408
2377 5993,8006
2380 7066,3105
2389 6255,1845
2390 7984,5328
2409 5100,2908
2413 1567,7217
2426 3732,5098
2430 5495,5159
2433 4782,4172
2436 4752,612
2437 2686,3324
2447 4755,2928
2451 6592,4787
2454 7938,3863
2456 2659,6700
2459 96,6237
2463 5517,6830
2466 3899,1342
2470 4729,7766
2471 4729,7766
2472 4729,7766
2473 2762,5909
2474 2259,5909
2478 5909,7088
2479 3752,5909
2480 5909,5042
2481 5909,5042
2482 5909,5042
2483 5909,5042
2484 5253,0
2485 5507,0
2486 0,934
2492 3791,906
2510 3619,6333
2513 5696,5693
2516 2562,7045
2518 7700,3982
2519 6102,7700
2520 1881,1967
2521 1881,1967
2524 4638,1922
2529 173,7678
2530 9,6951
2531 825,9
2533 896,3953
2536 1347,8011
2538 2920,1927
2539 4687,6476
2550 5188,4203
2551 1026,5188
2552 6031,5188
2553 4650,5188
2572 5495,3423
2575 100,3175
2578 3745,3893
2579 8016,6535
2580 6864,3895
2584 5268,7871
2588 6838,5168
2590 7496,3134
2592 3134,6179
2594 5079,7040
2595 7534,3888
2599 5995,1257
2601 7903,7559
2602 2189,1220
2605 4120,6982
2611 2434,3203
2612 4057,2028
2615 6701,6632
2620 1873,1572
2623 1523,2709
2624 1449,8115
2627 4998,5032
2633 1788,2426
2636 7588,7141
2641 3138,5452
2642 5452,5852
2643 5482,2094
2644 386,7312
2645 1328,3884
2651 3923,511
2652 3923,511
2653 3923,511
2660 4416,4428
2662 6720,2279
2666 4541,5712
2668 1696,4312
2674 4413,4246
2681 660,1959
2692 3658,2012
2694 4994,4117
2697 3461,2845
2698 2920,3790
2699 7315,5637
2700 815,3941
2701 435,2270
2702 7391,917
2704 4262,3906
2707 478,5315
2708 1623,6323
2709 1623,6323
2710 3915,5122
2711 5122,7347
2713 1619,6500
2735 7497,3904
2738 4361,767
2741 6425,6792
2744 5346,360
2761 5520,3159
2764 3819,6367
2766 4190,3238
2777 345,6927
2778 7620,6927
2779 65,7330
2785 2121,7969
2789 6103,7259
2792 2871,7250
2795 5889,208
2802 7601,4500
2803 3655,20
2805 3256,3167
2808 358,1936
2809 5696,3850
2810 2317,5696
2811 5696,7242
2812 2421,3050
2813 4087,7816
2820 1703,4509
2821 2486,3416
2823 6270,2013
2828 1548,3791
2830 248,5620
2832 6218,2804
2834 1780,369
2842 5018,6387
2851 4635,7427
2852 4635,7427
2860 5592,1576
2864 2634,2369
2866 2619,1918
2868 296,4633
2869 3525,296
2871 7982,5975
2874 6546,4969
2875 7589,7706
2887 3894,1200
2888 1200,442
2889 1200,1672
2890 7098,2679
2892 1842,6189
2900 1517,4726
2908 2159,4645
2926 1221,4374
2927 1987,2306
2929 5520,5993
2933 267,2819
2942 1481,3957
2943 3697,75
2948 3627,796
2949 1870,1781
2953 5090,6555
2956 6666,7948
2964 5090,1874
2965 4256,7209
2966 3859,4364
2967 5090,750
2968 8015,7177
2969 7154,5965
2972 2501,511
2973 511,3542
2976 6121,782
2979 2973,6544
2981 4355,2434
2985 6045,1515
2994 1227,1258
2998 4842,1551
2999 1551,507
3003 4449,6900
3005 698,1591
3008 5758,2033
3010 7639,7458
3013 2592,1716
3014 7844,2592
3016 5265,5482
3018 679,6144
3022 1487,2913
3023 6511,1487
3025 5435,7242
3028 29,4906
3032 7775,7240
3033 5090,606
3034 681,4203
3035 3058,5043
3036 4315,3477
3041 7307,7706
3043 5515,5322
3045 1590,5222
3048 3064,6763
3050 1933,322
3051 2707,4543
3056 6385,1634
3059 3216,4519
3063 5419,6244
3066 1097,2837
3067 1097,3843
3071 1064,2469
3079 4547,3328
3080 4888,5426
3081 6508,4623
3082 4623,3657
3083 4623,7316
3084 4623,4447
3086 4623,4660
3087 2635,2055
3089 2365,6239
3098 1064,1452
3104 2934,7993
3109 384,2802
3110 4765,39
3112 2295,5546
3113 2295,5884
3119 8154,7415
3120 8154,6598
3126 4546,2890
3130 5822,140
3132 1828,7240
3133 3983,5926
3138 727,3242
3140 4860,2306
3141 7074,6740
3142 1326,7209
3146 2826,1326
3147 5236,1326
3148 1326,86
3149 4452,1326
3154 6102,3067
3155 2278,2804
3172 7403,6741
3177 1925,4465
3178 7671,4465
3182 6752,3052
3183 4190,3076
3184 1589,6943
3185 5590,5198
3188 4661,730
3193 3697,6122
3207 1350,5792
3208 7415,2452
3209 8107,3850
3221 1567,7840
3222 7840,1740
3225 3443,7840
3232 3832,6255
3233 3832,4844
3234 3832,6255
3235 3832,6255
3237 3832,4693
3253 3085,1928
3257 2464,6794
3259 4939,6446
3262 1545,3584
3274 338,2960
3275 1993,1305
3277 2920,129
3289 1350,5898
3292 3508,7705
3294 6180,7431
3306 1878,6842
3311 3246,5992
3312 6716,7311
3317 1929,6596
3326 3849,3109
3328 3849,7324
3333 3946,3074
3335 5798,1960
3336 5798,4236
3337 1925,5798
3339 2175,479
3340 2639,8078
3343 77,7038
3347 1567,7956
3352 1714,4
3353 1714,4
3355 1686,3488
3359 6829,6078
3366 7727,2275
3376 3565,6169
3377 486,2804
3380 3911,3093
3382 3934,815
3387 3934,815
3388 815,7088
3389 3236,3622
3390 6079,5807
3395 5790,2785
3401 6160,7316
3405 1778,7253
3406 1778,1832
3407 1439,709
3411 7795,7553
3412 6511,246
3414 8160,5090
3416 4796,5482
3422 5662,5543
3423 5662,2306
3425 6754,5124
3426 6634,2685
3427 6634,4404
3428 659,3868
3431 607,7130
3432 7211,355
3440 2796,4120
3444 3691,953
3445 6791,3691
3446 3433,4631
3454 7446,6734
3458 18,4354
3470 5348,3347
3479 2871,1367
3488 777,930
3489 777,5282
3496 320,2668
3501 3690,4337
3503 137,3690
3504 4628,3690
3511 1745,4007
3512 1745,407
3515 6167,5599
3517 6221,5220
3518 6221,2615
3519 635,7554
3521 635,5813
3522 635,7760
3523 6389,4277
3526 7033,3904
3527 5219,7383
3535 373,4011
3542 587,6820
3544 306,5062
3545 306,1737
3549 227,2729
3550 1206,3295
3555 5509,4205
3568 7626,5356
3571 6755,6489
3572 1548,4781
3576 2940,660
3577 660,930
3585 4120,7390
3586 4120,4693
3590 7262,5090
3592 6116,6354
3595 1743,4886
3598 3710,1569
3599 3710,1569
3602 2352,7341
3606 4355,6385
3613 2077,7333
3614 2077,1445
3620 2487,7026
3621 2487,4479
3623 6216,1455
3624 3723,8150
3638 281,1052
3645 690,3422
3652 5838,7725
3654 2588,1472
3658 2090,5042
3665 1242,7810
3669 2804,7022
3674 6877,441
3679 1549,7583
3685 3333,3639
3686 7768,3639
3687 3210,5359
3690 2817,6954
3691 2817,6954
3692 2817,6954
3693 2817,6954
3703 3819,2784
3704 7865,444
3705 1639,5975
3707 4549,8116
3708 2912,5070
3711 3164,4123
3712 6003,3587
3716 1040,2612
3720 1821,1410
3724 3198,2312
3725 105,425
3726 105,425
3729 730,408
3730 6786,2321
3731 6786,2321
3732 6786,2321
3734 6786,2321
3735 6786,2321
3737 28,6278
3740 3713,5981
3742 644,5242
3744 7631,3103
3750 6794,1165
3762 6307,5108
3764 2103,6331
3769 4591,5502
3770 5780,5502
3776 4024,1811
3779 4024,6370
3780 4024,6370
3785 1277,4621
3790 1282,7857
3791 1989,7857
3792 4245,3175
3800 149,6887
3801 4832,4481
3805 5671,7041
3806 6635,7041
3807 1078,7041
3815 1591,5646
3816 3946,5646
3817 2824,3817
3820 2209,6512
3821 3981,2984
3823 7230,326
3824 7743,6654
3826 355,6204
3827 512,3284
3834 3934,2035
3835 7209,7087
3836 7184,631
3845 2046,1315
3852 333,8063
3853 6573,8063
3855 6233,1735
3857 6451,7548
3866 5116,3259
3868 5516,8121
3874 6336,7146
3875 7129,2269
3876 2269,7510
3879 7529,10
3881 1947,5598
3883 1579,1666
3884 8024,4937
3885 4001,5014
3890 151,5636
3892 3672,1327
3904 2045,5860
3905 2045,3017
3906 5143,7517
3908 5143,7517
3909 3052,4651
3911 7155,6937
3912 7155,2110
3914 6163,6263
3915 1137,7088
3917 6983,3578
3923 2871,3470
3924 5090,3470
3929 2265,7286
3931 6330,79
3938 2953,3441
3940 2953,1098
3941 6983,2953
3942 3819,2953
3947 7671,6581
3948 145,7653
3949 6305,1050
3959 2760,7981
3962 3286,7421
3966 7554,1248
3968 2393,929
3969 7469,8071
3974 643,3518
3975 2871,4150
3978 4503,4292
3979 2620,2078
3986 2371,1546
3987 942,7714
3995 5482,2245
3997 6385,5482
3998 843,5482
4000 5482,1980
4001 7001,5037
4002 5037,2493
4004 6680,5186
4007 6564,7834
4008 5288,1698
4009 5288,1425
4010 6786,2439
4011 6814,5886
4012 6588,5886
4028 46,4699
4031 547,1795
4036 2178,4246
4038 5608,7448
4042 2570,5512
4045 3620,7313
4054 3397,445
4060 552,1737
4068 2020,7346
4075 1740,4318
4076 4318,5457
4077 4444,4318
4078 3939,3130
4080 1534,7336
4082 5353,1327
4087 6341,3322
4089 7341,3536
4090 2240,3548
4092 6354,469
4093 1237,6179
4094 1466,4509
4098 524,6197
4101 5865,614
4102 5664,614
4104 7899,614
4111 1458,7932
4113 4827,8048
4115 44,4867
4116 4268,4011
4127 1289,5709
4129 1601,7321
4130 7638,4536
4133 4170,4414
4137 7993,1053
4138 1037,2351
4151 7418,7194
4153 6929,389
4158 7435,1907
4159 7955,7953
4169 1842,1155
4176 5627,6053
4177 4832,1044
4178 5904,6570
4182 3778,730
4183 5405,7062
4197 7943,2301
4202 8024,2479
4214 419,5852
4217 419,5852
4218 7161,419
4219 524,4348
4222 4348,5440
4235 2541,4925
4236 5203,2588
4238 3244,746
4244 7161,6385
4245 1161,1457
4252 6905,3819
4256 3462,2196
4258 7577,1571
4268 8144,6036
4274 245,7687
4275 7701,3819
4280 930,6877
4282 930,6983
4285 1788,930
4286 7161,930
4287 1788,930
4290 930,165
4291 7161,930
4295 3819,1084
4296 3819,3464
4297 3819,7554
4303 3819,2908
4304 3819,7242
4306 3819,7554
4308 3819,2908
4312 3819,7899
4315 3819,3804
4316 3819,4600
4320 632,2244
4322 2233,5816
4324 1464,6761
4328 7899,2274
4330 7899,7957
4332 3246,7899
4333 7899,7242
4337 235,8112
4347 2353,6923
4357 6608,5520
4359 5120,2238
4364 4907,5081
4366 2650,7090
4369 6728,6107
4370 6728,6107
4372 6728,6107
4376 6845,2804
4377 5388,4044
4379 7215,5520
4380 3629,348
4381 6734,1758
4384 5776,3943
4385 2868,6991
4391 3479,6311
4392 1821,2150
4394 5870,3198
4395 5870,3198
4397 5870,3198
4400 4630,3734
4411 4155,5090
4412 6255,7242
4413 6255,210
4416 6255,7242
4417 6983,1344
4421 4251,6064
4426 491,8027
4427 491,2908
4429 2389,4076
4436 2153,7242
4443 3946,3924
4446 2632,165
4452 5090,2380
4453 3563,5090
4454 5090,1591
4456 5090,1595
4459 5090,6355
4463 5090,4925
4466 4546,5090
4467 5090,3198
4468 5090,2338
4469 5090,484
4473 544,6419
4477 5750,6939
4496 7554,5284
4497 7554,7242
4498 7554,7242
4499 6268,7554
4502 7554,7734
4503 3833,7554
4505 7554,1980
4506 7554,1571
4514 5520,5852
4524 5520,941
4527 4452,5520
4529 4452,5520
4532 5520,3804
4536 4546,5520
4537 4452,5520
4539 5520,5066
4541 4452,5520
4545 4452,5520
4547 5520,3488
4548 5520,3804
4550 5520,224
4554 5520,7088
4557 3629,5520
4559 5520,7088
4562 1202,7745
4569 7157,7878
4573 4389,929
4584 7001,7209
4587 3022,730
4594 1458,7145
4596 7743,5915
4598 3387,4194
4603 6354,6566
4606 8082,6877
4609 4591,6094
4614 4394,764
4616 2274,7886
4621 199,4110
4624 5555,4998
4626 6210,7965
4627 6210,3488
4628 7167,6295
4635 1577,7760
4638 3811,7991
4643 1800,5936
4644 4519,6325
4647 7671,756
4649 6786,6638
4651 6874,2021
4655 5978,1305
4656 5464,1636
4657 5776,5529
4658 7161,5035
4663 94,3125
4664 5924,1766
4669 2641,6812
4678 3462,1686
4679 1686,5648
4690 7240,4375
4692 7240,5104
4699 6993,6750
4701 6520,2532
4703 6529,2018
4716 2692,3966
4724 3198,7571
4727 3198,4925
4736 1788,4748
4737 3752,4748
4739 5363,3536
4750 3506,5293
4751 2,2043
4752 209,2
4756 171,2343
4775 7223,1305
4777 1664,5002
4779 3556,1482
4784 1925,2906
4785 2906,3776
4786 2906,7333
4787 2906,7333
4788 2906,7333
4790 1925,2906
4791 1925,2906
4796 6258,5207
4797 4853,7203
4799 7773,2942
4802 2543,4003
4804 3311,1591
4805 1591,7559
4807 3307,1510
4808 105,4562
4816 3526,3660
4819 6837,3465
4824 3217,5267
4835 5250,5466
4845 97,1683
4854 5236,7734
4855 5979,2552
4861 7189,1143
4863 7992,3988
4869 8144,368
4873 4073,4862
4874 1523,1543
4875 1523,1543
4879 4614,6486
4883 8124,6660
4889 2559,1185
4893 5153,730
4900 516,1557
4903 7686,7668
4911 7303,23
4917 7177,1835
4918 2474,154
4919 2565,5681
4922 7534,7827
4923 7534,5816
4924 3182,7534
4926 7534,7088
4928 7986,5217
4938 1492,4717
4942 6469,1453
4944 3280,5440
4951 7193,5002
4955 7188,1184
4966 3536,7088
4968 7711,7088
4970 3597,6219
4971 1700,4393
4972 1925,7333
4973 1925,7333
4974 1925,7333
4979 2864,5512
4980 5442,1232
4981 180,4026
4994 5961,2857
4997 1264,7985
4999 535,573
5002 3661,7242
5007 7699,8051
5015 1788,7474
5018 8066,2209
5019 5440,2888
5025 5651,793
5030 1509,6264
5035 2330,2476
5043 3807,7902
5052 7826,7406
5057 7530,1486
5060 6569,1835
5070 3804,7559
5077 5565,7650
5079 4538,5296
5081 2476,3789
5086 4996,2842
5088 6398,5852
5091 3585,7270
5094 6475,2715
5095 6475,2715
5100 7671,5284
5109 4509,4887
5111 5866,7004
5112 5866,7004
5114 5192,132
5115 165,6804
5116 165,6804
5118 6094,6804
5119 6094,6804
5122 2908,934
5124 2908,934
5128 741,2821
5135 165,7559
5136 165,7559
5137 3934,8005
5144 5104,3480
5159 2819,6923
5167 6259,6237
5171 2184,701
5172 1856,4454
5177 8061,1271
5181 3569,5103
5194 894,5799
5202 1510,5394
5204 89,3002
5211 3142,709
5212 709,217
5215 139,2070
5218 1567,1208
5223 216,4916
5224 6810,216
5225 6810,216
5227 864,6072
5228 2476,822
5237 5710,6148
5241 1612,2205
5242 3644,4334
5246 2668,3916
5257 826,1938
5258 826,1938
5270 6929,1736
5271 5710,7220
5273 5865,1376
5275 7079,2204
5276 2642,6462
5278 6427,1569
5279 1925,6179
5280 1567,6179
5287 2090,7424
5291 3227,4690
5296 2097,2476
5302 7739,1130
5303 3464,5147
5312 4945,3383
5313 483,2804
5315 2804,6538
5316 8144,2804
5318 5949,2722
5336 6433,6816
5345 683,6374
5346 6709,6802
5348 6275,376
5350 5900,1098
5352 3516,56
5361 4480,6022
5370 5223,1233
5374 6041,5104
5375 1724,413
5376 4532,2440
5377 3488,4277
5379 1427,3488
5380 1427,3488
5381 22,6699
5387 1805,2908
5389 1754,4652
5396 3263,2908
5401 28,637
5402 28,637
5408 7296,8101
5423 5595,4626
5424 5595,4626
5432 4291,2970
5433 2945,5866
5437 7638,5825
5438 8144,1925
5442 737,1540
5452 4494,3085
5454 6511,7387
5458 6511,2920
5474 524,1672
5478 966,4635
5483 5380,843
5493 1034,4606
5494 28,3407
5495 5830,4490
5497 1519,4261
5498 3516,2769
5499 3934,1925
5501 3934,1925
5502 3934,1925
5503 3934,1925
5504 3934,1925
5506 3934,1925
5507 3934,1925
5508 3934,1925
5509 3934,1925
5511 3934,1925
5512 3934,1925
5513 3934,1925
5514 3934,1925
5515 3934,1925
5516 3934,1925
5518 1925,4635
5519 1925,3752
5529 2871,3110
5539 6351,240
5540 6351,2752
5543 7089,3189
5549 5907,7791
5555 2000,7719
5556 2000,7719
5559 2920,3014
5570 1019,1053
5574 1788,4842
5577 3752,1571
5579 7161,4249
5580 7161,2318
5581 2215,3482
5585 496,2067
5586 496,2067
5587 496,6628
5588 496,4224
5597 231,4842
5598 231,4842
5600 3182,4909
5603 2486,7098
5605 7098,5556
5608 4635,6975
5614 3483,7539
5621 4709,5999
5622 504,4046
5623 4282,2908
5624 4932,8086
5625 7547,6004
5635 5752,3270
5636 5752,3270
5638 2960,1980
5639 3520,6050
5640 2908,6070
5641 2908,3948
5642 2908,6763
5647 7802,5804
5651 8051,575
5652 2046,4887
5653 3640,1204
5654 1146,2222
5658 1966,2966
5667 6279,4101
